11
604 544
120 115
139 52
177 99
349 589
150 2
47 522
188 56
248 264
458 53
27 229
221 235
226 540
481 304
4 304
556 400
480 402
340 224
342 5
280 116
233 231
418 68
586 78
315 298
269 487
15 367
561 398
332 224
590 283
373 123
349 193
87 292
517 505
251 153
564 239
538 221
357 438
211 40
79 399
124 381
6 586
337 576
448 242
375 58
302 569
32 203
121 1
244 276
32 239
270 454
97 528
453 84
249 127
182 555
97 415
327 575
47 39
113 590
354 496
236 125
483 460
536 226
190 384
399 43
280 563
601 554
468 419
145 585
560 30
457 565
274 207
102 12
278 206
138 333
586 59
331 402
576 536
401 375
594 106
490 495
550 255
370 578
70 41
81 58
356 399
213 73
586 331
394 578
191 419
95 97
82 362
118 537
99 556
227 238
429 488
282 31
399 160
275 322
317 261
561 100
80 522
522 110
433 587
104 517
400 185
191 20
447 186
150 595
182 307
503 526
120 374
123 37
238 415
578 516
74 92
67 119
230 356
520 233
258 334
588 400
259 573
114 189
212 566
123 351
357 283
131 54
351 56
489 546
576 15
191 23
396 103
28 243
267 351
467 499
575 45
18 24
311 224
432 458
170 146
455 458
570 124
176 371
365 553
8 255
205 236
163 171
571 63
586 213
487 370
538 370
524 203
280 415
225 216
98 289
158 5
473 346
267 511
490 218
163 363
124 0
304 128
412 181
242 160
356 598
495 422
472 274
467 216
121 399
368 541
28 126
260 152
133 412
273 395
353 49
258 260
392 327
233 97
253 325
75 88
493 596
52 496
391 102
485 105
210 78
62 585
360 371
104 57
151 346
541 110
444 3
500 128
406 101
447 570
27 428
55 495
55 580
135 387
56 359
518 416
508 85
93 292
172 83
164 505
240 526
98 419
369 89
86 213
218 87
134 296
478 44
558 488
508 13
333 446
502 246
10 53
479 504
80 504
540 528
554 436
581 160
97 194
545 464
257 449
136 316
145 5
217 17
441 528
321 110
85 506
484 214
413 200
68 381
102 351
389 595
12 540
201 315
11 297
243 308
324 590
220 7
54 252
598 290
325 157
512 65
477 325
140 243
558 119
506 550
207 462
519 88
228 27
390 58
564 58
589 403
17 217
371 337
508 406
219 295
489 523
287 431
220 38
64 172
307 248
437 388
551 214
424 320
98 148
198 511
397 560
102 86
594 153
115 105
314 273
468 429
321 527
6 71
35 300
350 582
108 193
339 302
26 190
266 500
148 290
592 202
77 514
17 331
188 144
187 278
14 445
81 75
237 186
281 256
15 18
480 308
362 394
445 572
344 487
473 483
511 226
88 145
455 153
347 586
0 346
186 224
206 459
151 325
330 26
546 529
559 431
390 530
322 500
316 478
167 15
450 522
18 357
259 216
501 132
275 544
499 297
451 420
315 508
554 230
266 452
409 508
519 130
578 63
432 212
376 432
114 88
354 135
310 272
288 424
369 597
171 493
19 486
599 455
555 360
190 172
152 162
469 89
113 43
355 248
566 453
260 171
235 558
173 15
197 131
199 125
314 87
81 560
259 195
490 504
125 13
114 572
231 580
487 163
455 578
583 434
507 364
335 550
519 243
42 28
477 354
383 311
1 43
445 353
304 358
258 505
397 589
213 474
329 278
36 524
5 270
329 40
545 71
37 188
500 159
298 266
198 522
131 230
322 95
502 511
566 272
351 386
121 308
587 521
568 238
131 93
307 475
419 274
96 473
584 558
91 180
346 593
376 205
316 96
120 425
67 538
47 425
447 371
102 370
602 318
89 383
201 102
301 348
61 350
276 484
124 310
281 231
354 202
250 538
471 543
528 281
35 460
190 232
152 484
245 512
126 521
202 410
527 7
0 597
181 163
215 288
484 220
122 70
406 286
508 298
366 461
20 490
221 455
185 281
83 64
114 327
334 109
249 266
323 446
215 97
139 146
199 181
371 367
588 179
15 369
520 330
430 540
31 598
333 143
417 263
217 570
340 550
592 303
181 384
497 341
262 578
485 258
198 454
388 185
277 45
570 588
327 104
467 109
148 419
232 228
138 578
508 213
544 165
298 13
289 397
196 474
189 13
66 471
456 137
106 262
434 51
121 597
121 311
322 350
472 51
397 67
177 53
385 68
311 115
189 577
515 325
53 45
138 345
519 499
545 478
478 381
73 253
407 179
325 194
490 368
161 289
566 236
505 422
225 148
327 243
373 514
449 165
541 169
265 60
27 472
54 245
520 349
505 385
495 280
64 68
404 347
312 117
454 175
216 383
271 240
394 25
220 499
294 587
563 133
309 300
177 440
40 81
51 303
223 188
288 533
401 279
120 40
599 37
448 237
213 55
316 358
28 385
426 150
87 226
205 603
325 43
263 219
89 493
327 191
393 370
302 220
527 518
291 123
250 58
167 9
456 425
461 527
153 238

465 372
390 97
83 141
364 457
365 377
268 331
353 405
80 195
338 427
409 315
80 62
29 378
3 345
399 409
165 143
110 126
100 180
84 413
131 106
112 279
289 4
296 290
142 401
315 221
362 109
113 353
111 130
110 338
420 361
109 387
368 417
138 155
202 209
157 33
229 42
297 111
171 66
1 460
182 389
423 33
89 158
340 22
154 397
188 231
104 281
66 397
205 387
124 418
107 51
86 260
375 344
163 391
0 314
382 205
4 398
412 359
177 449
229 406
149 54
241 109
445 224
424 138
397 308
245 445
79 334
47 19
346 23
66 192
19 163
35 123
120 311
432 43
29 142
215 412
7 220
99 107
385 371
174 380
143 182
310 115
392 89
273 461
210 88
176 73
216 389
45 50
89 312
338 87
356 48
326 378
456 138
36 402
2 91
231 8
365 215
217 35
35 285
275 442
28 310
125 192
27 348
402 306
148 156
195 299
446 361
298 419
0 62
194 236
340 326
234 29
232 50
332 89
450 60
144 274
347 129
268 312
460 55
304 276
103 341
328 415
303 110
299 361
85 321
67 74
385 359
404 234
259 230
41 168
204 426
421 427
145 429
90 350
417 276
212 129
463 388
443 341
454 251
266 107
398 270
206 346
220 98
435 318
65 175
251 333
236 463
146 2
76 109
133 334
426 155
333 323
149 445
311 152
14 115
319 227
205 41
207 3
13 463
163 313
376 342
44 140
112 263
302 375
331 286
63 396
430 414
53 233
292 334
125 184
270 399
81 355
4 272
401 328
162 153
365 259
58 94
113 22
389 316
232 249
325 84
86 89
250 255
387 324
368 23
331 55
391 250
460 65
41 290
36 185
191 297
20 354
196 326
140 361
284 5
439 58
377 73
157 298
405 208
406 341
206 95
403 392
198 51
278 350
114 424
204 176
308 459
298 114
24 87
119 261
224 240
10 456
130 332
392 164
404 243
196 451
83 311
422 138
35 416
180 361
319 103
4 65
345 412
287 55
325 419
162 337
156 311
173 139
196 290
331 219
441 396
384 228
12 368
237 180
212 455
241 455
216 84
454 91
199 301
53 16
358 222
361 5
462 363
148 112
241 118
323 296
36 343
100 326
197 362
263 191
7 199
84 361
118 308
187 163
291 148
147 320
154 214
200 71
71 110
246 266
410 208
374 250
209 79
190 167
199 279
457 154
410 393
325 59
107 186
445 276
90 351
181 206
224 204
64 54
250 172
182 265
303 452
119 280
184 365
193 134
383 248
206 419
426 320
379 269
185 177
297 326
258 268
77 123
382 52
251 110
216 157
384 160
139 14
282 304
136 442
463 292
262 415
1 413
187 391
300 454
415 274
2 29
258 235
87 189
233 379
32 310
135 234
4 31
155 152
312 14
7 223
350 55
22 206
33 419
410 432
373 159
336 253
171 110
51 270
232 192
161 445
247 322
122 388
248 282
331 102
299 323
181 216
138 427
339 8
114 146
296 422
101 186
223 81
228 335
48 349
366 413
266 429
383 183
119 363
232 38
221 196
458 372
85 352
441 212
260 380
237 360
149 176
54 125
234 222
124 209
35 160
129 258
268 423
115 66
424 83
4 381
29 362
246 110
42 259
227 385
348 423
140 388
102 88
315 378
463 249
415 242
76 432
452 47
147 93
437 212
310 302
284 101
399 285
153 303
124 305

473 219
182 193
442 72
319 362
412 75
286 148
8 294
388 13
310 148
360 185
437 335
84 471
76 15
205 58
360 207
405 367
275 404
170 404
421 385
65 329
457 405
452 375
191 335
377 116
106 466
443 20
125 79
303 55
284 268
469 171
161 96
29 271
257 7
63 134
221 113
177 44
104 105
307 435
260 183
430 115
378 56
21 135
397 423
240 433
84 127
252 133
372 92
99 348
33 257
400 231
144 88
151 88
115 156
93 404
385 247
22 53
76 432
79 410
106 468
41 336
275 111
100 157
396 104
167 353
185 202
114 458
121 169
29 318
249 74
208 28
251 271
464 290
451 17
23 60
93 323
263 313
238 67
196 67
135 247
424 350
376 422
442 34
63 52
228 156
317 187
427 326
286 69
202 383
109 318
221 205
163 364
402 326
61 32
18 355
358 63
342 4
358 256
238 393
384 353
22 179
361 208
294 381
49 129
413 269
359 413
326 258
135 426
454 187
26 349
222 435
349 95
165 303
40 8
437 466
99 434
103 46
214 0
431 421
155 432
324 207
311 320
230 199
9 102
55 239
60 318
373 1
152 377
287 364
305 343
390 333
283 289
17 91
88 431
287 98
415 85
466 197
387 247
123 458
409 391
176 138
333 352
310 417
101 317
161 459
59 26
37 233
389 123
157 198
58 271
119 211
99 365
373 40
299 210
351 114
254 303
36 246
407 311
204 229
220 243
290 126
160 317
111 372
400 197
41 456
111 272
351 97
80 75
432 300
245 261
358 268
385 23
351 182
470 386
462 159
207 78
448 139
284 149
125 355
84 261
209 35
34 455
446 372
11 457
80 122
355 144
280 58
161 446
386 454
177 63
325 338
246 143
34 26
302 314
73 359
310 208
395 210
333 317
345 377
227 41
144 205
42 25
209 212
12 277
395 307
55 99
100 399
36 51
336 397
267 331
394 32
47 300
383 403
162 293
15 36
92 8
109 270
335 181
201 195
266 398
226 64

66 469
25 44
8 26
56 49
25 8
59 12
21 37
62 36
9 64
19 29
17 60
0 36
61 48
45 6
36 15
1 22
8 43
59 47
20 49
5 24
38 23
50 27
65 45
29 61
43 3
59 49
11 59
5 44
16 53
6 11
51 24
43 59
34 19
6 27
29 3
27 1
13 27
31 8
59 21
55 60
34 25
5 50
56 2
26 23
11 17
2 6
1 12
18 38
29 32
38 46
38 5
7 17
5 36
3 11
3 29
27 37
48 32
51 20
3 35
37 26
23 12
44 63
3 39
4 22
43 47
62 61
35 34
8 55
32 51
34 2
6 14
43 40
10 46
58 25
54 51
3 2
32 58
34 3
14 59
34 13
35 0
16 3
50 61
26 62
0 60
22 10
46 36
32 63
49 54
27 29
29 19
43 22
21 64
10 41
28 52
47 14
3 20
54 64
48 50
43 60
32 14
55 49
0 13
20 24
39 21
17 49
4 12
6 53
60 8
7 40
20 27
12 31
48 49
54 56
23 19
61 24
13 56
61 58
30 48
64 9
13 15
37 18
11 55
41 0
23 51
20 44
12 50
40 47
61 41
60 41
52 46
52 7
18 39
60 46
58 57
53 9
35 23
19 47
47 37
34 10
24 16
38 29
60 33
63 24
7 48
24 65
19 32
39 41
63 41
27 54
25 20
37 3
21 15
45 29
12 21
8 39
40 63
11 41
56 50
61 57
26 13
38 42
11 61
49 13
17 45
33 39
3 50
13 20
39 52
64 62
39 45
28 24
19 0
63 53
60 54
58 12
63 43
19 42
28 12
15 52
61 20
59 35
56 36
30 23
22 45
40 54
57 8
22 21
3 52
56 3
51 57
10 53
31 5
19 25
65 14
62 11
48 46
52 5
19 30
30 10
58 24
40 28
5 29
29 26
13 40
15 61
28 29
0 4
23 33
26 29
13 36
56 16
22 52
1 65
38 64
7 18
7 0
58 31
47 31
25 57
40 9
16 59
40 35
2 51
9 18
26 1
37 35
16 61
15 33
4 31
63 1
47 4
58 8
49 25
50 32
25 53
63 30
49 33
39 13
55 51
11 40
28 49
64 22
62 57
54 2
3 9
64 30
59 46
7 31
46 59
4 61
62 14
17 51
30 53
6 62
37 50
10 65
11 32
2 35
51 4
30 20
47 3
0 20
62 46
1 45
46 61
44 56
5 48
55 35
49 63
60 15
30 0
62 22
29 15
26 51
57 41
24 51
1 9
1 41
20 19
59 52
26 38
29 2
11 18
53 2
2 48
35 13
51 10
9 43
8 52
33 55
50 56
47 15
12 26
35 14
18 35
7 46
63 46
23 48
6 59
60 2
24 48
51 53
27 6
30 46
50 44
19 15
8 34
14 25
65 30
2 43
1 2
50 45
30 16
30 55
6 0
41 46
54 48
18 45
47 1
11 48
61 21
7 33
26 2
63 22
42 6
34 52
64 33
19 22
50 24
52 51
44 41
42 41
14 22
57 24
23 52
12 2
30 24
56 59
17 34
9 2
1 33
59 54
1 58
50 13
54 60
42 56
49 12
47 21
15 41
43 23
47 0
42 0
63 28
44 61
60 58
33 3
59 3
49 45
26 64
60 45
57 34
27 45
27 25
8 60
7 54
50 60
43 16
13 60
35 37
0 27
41 18
0 35
57 63
0 2
35 39
19 26
25 37
22 32
36 60
19 62
3 30
39 44
32 4
48 14
19 53
55 24
41 56
35 43
42 49
60 17
53 6
45 16
50 16
59 4
13 12
53 44
42 50
60 36
44 40
56 7
26 55
40 50
50 11
21 45
58 22
49 24
51 23
58 27
19 45
13 34
15 4
44 32
20 59
7 53
12 58
59 5
9 28
60 26
8 48
6 42
58 60
13 58
47 40
11 12
4 41
22 18
32 33
54 9
1 3
53 60
35 52
28 65
1 28
39 14
64 31
64 12
25 10
16 49
45 11
47 28
21 38
19 49
57 13
9 14
38 35
54 24
35 40
2 14
46 1
54 26
44 58
17 46
48 4
47 39
21 12
51 60
23 55
60 4
10 27
15 14
26 61
7 55
34 39
25 4
26 31
0 58
54 19
60 55
60 14

298 361
16 235
161 282
238 289
40 235
9 285
274 283
149 89
276 67
188 271
236 140
112 178
108 117
95 76
3 35
173 191
26 196
151 162
111 89
254 156
52 78
160 289
268 118
181 255
20 118
221 124
43 47
146 231
85 67
115 67
289 293
271 247
125 231
153 92
14 201
293 161
170 150
70 155
258 233
57 292
74 269
162 105
226 292
38 164
95 272
187 210
241 6
277 211
64 277
145 105
275 239
124 91
287 90
243 201
199 204
143 263
32 216
97 38
177 219
278 35
213 176
33 262
288 219
282 155
292 143
49 14
210 281
59 76
247 41
108 91
292 5
65 12
274 50
214 146
262 202
98 89
31 59
92 117
46 170
12 296
249 221
246 16
141 35
141 101
239 44
271 217
174 203
70 231
245 281
71 210
110 153
93 46
193 85
53 243
253 244
64 112
296 20
164 4
292 13
13 116
27 72
63 110
155 212
200 114
296 193
52 204
226 85
28 275
121 178
8 180
219 237
105 132
269 36
83 127
91 61
22 257
108 287
295 33
200 232
249 113
252 15
244 251
279 16
27 129
101 115
47 93
260 117
79 163
181 21
161 138
105 106
6 141
250 126
288 192
224 227
121 48
260 290
8 83
100 156
216 117
192 131
3 19
218 291
169 203
256 202
67 93
168 261
107 233
294 288
274 141
254 228
45 157
149 288
292 55
293 1
57 26
162 37
167 34
249 115
274 178
136 69
151 195
112 238
196 297
36 159
13 42
254 51
85 149
169 188
265 166
295 179
147 134
95 52
86 246
169 68
38 122
162 112
285 217
124 80
62 129
165 18
54 103
295 264
8 25
54 215
20 36
77 296
59 241
66 187
157 18
201 69
91 108
121 138
280 11
192 23
238 115
42 287
136 124
166 21
85 34
183 53
154 65
243 48
152 182
173 114
17 271
42 89
174 62
289 48
296 108
30 239
96 72
149 292
142 190
207 178
219 143
260 83
59 71
14 156
193 207
144 211
102 188
296 30
286 79
240 79
249 279
115 209
104 219
255 95
26 263
138 292
288 257
32 58
1 88
151 108
99 198
72 222
196 185
91 297
213 206
21 203
19 74
199 13
61 264
170 180
121 212
109 82
42 297
274 212
93 27
92 40
205 251
226 254
56 113
250 262
73 107
175 48
10 282
58 108
220 208
174 231
268 160
22 274
18 131
104 105
277 272
85 95
181 91
138 228
1 127
14 89
118 186
217 83
284 192
152 58
78 79
33 202
249 120
93 88
116 159
76 89
8 119
270 41
271 56
111 198
185 10
136 182
66 169
288 131
78 221
215 270
166 122
193 230
180 250
112 172
171 292
212 189
164 151
149 198
245 233
212 213
202 105
279 190
197 26
206 144
216 198
75 57
133 104
254 178
116 101
234 94
273 188
242 124
187 58
56 235
73 273
186 158
74 104
117 88
197 132
205 98
232 38
191 198
116 275
207 113
210 273
183 83
103 262
143 13
144 103
45 176
94 32
136 27
67 34
96 233
61 205
251 63
180 248
254 31
189 245
151 107
90 78
276 15
106 80
204 137
89 120
182 169
237 11
38 173
110 297
234 213
230 157
160 285
133 49
175 243
134 113
94 90
278 1
264 263
179 216
197 194
179 66

126 262
91 95
11 87
53 13
32 101
93 8
36 108
83 43
20 79
108 47
4 87
61 70
125 37
89 119
70 125
77 83
76 93
114 29
46 109
109 82
111 66
22 125
6 73
3 71
42 1
58 50
121 18
123 11
123 118
90 61
4 110
16 50
86 63
84 81
18 120
101 80
80 37
75 82
93 84
93 75
92 104
102 29
18 58
112 7
104 25
92 122
45 22
37 53
90 23
57 121
66 106
105 77
15 66
63 10
91 44
29 28
101 95
7 116
52 108
59 10
32 121
52 4
1 104
28 92
87 44
95 63
54 50
75 102
71 81
13 41
77 119
113 17
79 117
10 32
4 11
72 101
81 5
24 54
21 31
120 51
58 100
75 2
81 24
87 82
121 52
18 82
1 91
113 114
106 34
50 101
120 109
5 86
37 58
29 15
65 75
36 18
61 73
39 124
114 30
25 75
125 38
44 101
56 91
4 73
108 46
76 42
114 98
77 98
124 7
63 42
52 110
110 1
81 117
25 125
90 119
112 124
86 103
80 25
19 38
78 122
98 17
107 118
14 94
113 93
38 107
19 80
96 17
33 113
58 16
84 14
38 70
20 49
74 59
54 63
23 38
92 8
35 89
124 75
105 63
101 23
63 104
15 97
22 75
81 54
54 44
31 77
114 67
112 20
0 83
124 4
21 14
87 64
115 89
83 111
80 9
119 23
111 123
87 84
54 123
68 86
37 11
59 41
89 56
105 124
60 59
93 77
101 36
84 90
122 70
78 17
7 36
9 19
103 72
111 89
51 107
4 69
28 88
101 26
94 65
125 49
19 31
73 106
122 44
37 102
65 30
20 45
28 79
21 35
122 97
76 52
86 97
125 45
97 124
23 3
75 44
17 54
99 33
91 116
108 42
5 118
77 104
73 25
96 117
43 108
54 86
115 78
92 41
26 106
110 95
12 107
34 80
89 95
74 52
114 61
7 56
84 123
95 18
72 13
58 29
52 32
103 109
84 6
67 75
91 107
57 95
101 117
22 49
84 80
32 68
34 105
18 44
30 20
114 6
5 60
81 14
105 71
33 52
108 48
6 46
16 78
26 50
40 16
99 43
81 92
47 78
96 55
104 71
3 42
67 52
24 7
96 36
100 114
108 121
80 39
56 26
93 41
69 84
103 65
92 36
69 72
101 99
68 106
26 0

990 10
846 255
663 763
456 163
259 327
444 597
181 612
232 888
975 621
65 785
166 860

255 694
16 31
123 133
10 101
225 149
66 101
3 155
118 132
64 181
46 112
228 127
47 26
143 86
78 75
232 132
99 207
129 40
229 169
42 112
103 15
193 250
229 52
113 36
41 2
88 77
73 16
63 157
89 158
184 32
42 137
206 85
55 142
241 63
95 162
1 16
168 110
44 201
147 186
1 132
175 203
36 11
164 101
251 218
71 254
212 235
129 48
236 238
108 8
230 16
9 192
205 99
111 63
184 140
250 168
23 21
152 230
12 103
196 14
115 38
241 68
132 130
199 6
0 246
49 71
19 126
188 146
73 146
213 114
102 250
15 1
114 200
19 20
59 50
67 81
147 231
126 169
43 80
16 98
99 73
84 187
44 8
111 148
215 71
200 66
151 223
170 145
15 225
19 58
209 94
102 26
84 85
212 236
67 213
205 176
129 56
249 232
78 169
55 48
91 33
120 207
99 54
6 146
188 223
40 128
20 29
58 51
120 44
130 95
80 137
173 65
33 77
52 5
145 79
15 68
130 203
82 210
189 244
148 216
209 54
126 137
6 196
163 41
21 65
108 68
220 174
13 251
39 14
12 247
84 91
224 152
27 54
9 195
241 10
136 61
142 91
5 20
243 122
82 129
205 248
15 151
142 105
42 65
115 74
185 183
62 211
243 106
40 28
243 9
217 239
129 230
246 117
204 60
115 111
253 194
0 95
87 221
77 142
127 49
174 123
220 1
97 103
181 138
179 21
7 8
80 156
225 180
8 131
121 63
113 55
94 4
149 28
173 8
42 48
25 114
157 61
61 60
229 240
77 101
92 121
182 216
164 113
117 70
251 36
74 181
198 132
64 20
231 34
185 220
219 174
120 31
220 157
189 154
82 55
182 248
25 134
16 108
135 35
190 29
127 114
235 143
117 65
0 180
163 199
71 96
199 230
125 26
142 226
234 242
248 3
2 134
155 71
84 116
29 199
184 186
74 133
89 236
53 80
33 141
68 28
129 6
150 195
1 145
5 189
104 184
2 18
5 63
204 161
205 207
136 79
209 132
143 50
170 116
68 163
143 167
139 55
57 54
52 88
117 44
13 207
222 38
57 17
105 95
198 252
223 14
90 84
114 23
182 55
9 3
253 160
229 44
58 126
192 240
157 241
219 39
125 180
140 50
237 78
44 183
205 129
162 143
23 25
29 121
153 5
38 149
206 38
217 210
86 119
107 154
169 99
27 136
101 161
235 75
249 158
158 49
66 77
221 39
217 65
172 117
52 78
182 245
229 105
112 151
123 129
162 168
52 84
211 184
223 19
157 8
198 87
107 218
248 216
228 233
163 213
69 150
78 245
99 148
48 60
119 61
192 5
33 161
41 9
14 17
44 13
3 91
221 250
49 251
83 21
196 132
210 252
116 87
148 194
182 40
27 42
215 23
185 149
196 247
254 56
99 195
112 104
36 175
117 240
33 178
190 170
92 188
49 254
250 247
173 103
144 122
150 4
48 150
5 129
127 66
12 87
16 183
71 143
141 245
50 156
252 249
201 121
56 2
194 117
184 95
138 245
220 60
55 45
244 85
227 69
73 239
109 201
156 53
201 54
8 149
96 4
196 70
181 243
236 17
136 53
207 23
227 106
133 179
116 234
203 202
209 90
240 108
97 247
57 77
186 162
73 92
115 25
63 139
252 117
232 219
167 208
243 231
98 137
83 94
189 110
13 180
186 176
139 238
53 242
181 43
166 163
226 20
218 180
201 144
55 54
6 185
156 140
241 104
182 154
82 72
8 155
99 76
11 227
221 163
89 156
32 225
47 86
181 182
13 34
159 163
155 206
43 112
175 254
189 132
217 237
177 133
1 152
154 121
40 109
54 24
154 235
235 162
208 164
46 110
253 116
200 132
187 204
196 54
79 82
191 242
228 128
230 114
246 152
50 142
143 114
170 15
62 189
172 132
112 55
235 72
27 223
232 10
165 208
95 127
145 190
152 110
241 99
149 233
142 235
253 232
149 97
178 90
144 8
133 90
36 102
135 247
86 164
92 240
222 213
227 254
108 163
221 74
104 77
188 197
195 217
102 15
57 242
168 48
94 1
204 31
178 158
199 75
192 248
47 89
180 5
252 114
19 201
65 211
85 245
167 86
187 196
177 185
157 253
216 161
98 109
87 194
237 178
45 131
99 127
121 172
35 171
1 85
184 6
56 156
34 39
220 21
154 164
136 231
107 28
62 140
63 253
121 113
103 217
18 28
14 195
196 90
54 220
21 10
206 79
118 180
186 111
226 73
237 95
173 92
249 182
176 140
68 158
245 238
111 143
222 246
85 150
34 26
29 38
141 15
98 106
176 120
74 180
166 33
134 87
127 180
18 144
222 244
98 90
82 161
69 64
65 50
59 58
159 18
194 240
10 204
156 221
229 69
61 12
111 166
178 242
126 205
232 126
114 146
51 40
199 52
30 185
33 176
119 210
227 44
110 72
22 141
158 21
211 70
212 228
178 34
211 176
81 104
151 21
213 244
23 0
64 114
93 67
94 140
65 104
50 163
141 207
23 166
86 2
7 63
169 150
103 59
100 21
12 211
237 204
235 37
8 176
27 140
164 27
6 179
209 133
50 193
244 208
12 81
44 248
206 57
102 239
219 130
32 220
210 183
247 241
8 244
38 10
104 142
129 30
156 8
67 154
175 91
253 87
236 48
178 94
108 220
104 113
82 229
225 190
29 227
72 51
5 84
194 62
30 147
56 101
150 208
69 76
117 235
130 92
155 58
114 67
251 62
108 223
50 227
173 4
90 144
229 86
250 29
137 186
45 50
58 144
13 169
45 44
88 161
149 210
9 114
63 228
21 204
162 19
100 109
85 166
217 8
239 206
52 106
49 121
163 154
123 55
173 157
72 192
113 186
175 241
155 249
208 238
254 188
234 29
144 71
18 101
237 214
252 210
164 147
166 92
156 102
45 231
230 245
80 183
197 179
226 49
93 14
50 14
251 87
157 77
188 116
130 49
187 20
184 102
110 66
84 14
128 146
162 83
155 190
225 195
128 130
110 99
120 69
43 201
129 138
217 24
158 144
70 59
62 225
227 46
239 241
39 53
114 196
55 130
109 133
245 48
199 62
62 90
68 148
123 214
82 134
14 103

183 70
122 77
106 177
60 109
46 62
160 84
175 107
181 77
153 167
3 61
2 115
110 65
40 1
78 51
120 157
85 117
116 21
86 173
155 121
168 45
114 99
69 79
156 135
117 60
89 0
129 33
2 126
90 12
118 121
14 105
35 66
8 40
9 18
74 54
24 153
147 124
83 56
169 66
130 27
89 74
32 140
14 116
159 139
38 106
149 119
31 37
167 148
164 115
0 118
79 31
78 12
91 63
119 62
128 170
106 80
165 95
29 86
166 179
56 150
151 75
84 151
132 34
130 146
63 31
128 156
128 41
63 3
59 98
147 115
70 15
66 133

186 112
175 28
118 141
10 99
139 113
40 79
62 6
9 12
179 3
105 64
34 3
24 142
77 178
118 171
20 94
150 184
81 184
77 168
30 99
158 174
93 60
78 104
55 56
37 182
46 84
106 172
139 162
70 105
65 104
45 90
165 8
164 147
139 12
124 11
139 141
9 79
80 124
65 54
47 2
107 41
59 49
96 166
56 119
48 9
173 141
174 117
122 103
89 102
163 35
99 172
75 13
100 125
58 2
132 107
50 110
93 154
56 37
94 52
0 107
148 183
42 154
166 56
3 11
160 97
184 53
125 133
94 170
185 61
102 118
29 115
155 53
169 30
40 120
179 163
121 5
102 6
49 47
15 110
45 168
144 66
109 43
45 12
164 2
80 72
94 8
39 119
83 56
167 30
59 138
0 54
0 7
127 165
14 65
181 67
10 111
101 143
29 136
50 96
146 7
6 140
5 77
131 78
100 61
61 46
137 138
164 82
178 82
182 27
95 82
92 112
76 27
154 65
29 107

181 275
99 95
20 156
58 111
59 101
150 5
7 163
13 69
108 34
9 20
139 178
11 66
75 135
34 62
157 150
49 7
35 91
126 34
120 174
66 103
64 113
111 89
174 86
144 110
25 122
36 46
114 157
10 93
159 54
67 175
107 11
13 158
126 101
123 85
94 144
24 145
45 49
113 29
120 32
63 93
150 164
173 108
1 94
99 178
178 38
101 109
93 18
173 74
70 87
94 84
61 65
97 38
145 132
148 95
162 132
37 97
86 71
71 12
68 94
139 118
45 43
64 13
71 90
120 169
87 24
145 35
143 102
5 28
84 94
3 39
105 157
40 135
77 63
102 33
31 100
87 80
164 154
58 64
136 102
8 30
118 100
159 27
171 57
70 127
49 140
144 120
49 153
180 143
119 98
160 93
40 122
147 144
60 106
119 161
168 158
180 72
78 115
118 33
81 153
66 176
158 106
0 26
94 167
134 128
65 35
66 41
144 3
66 179
121 1
172 171
98 87
154 137
15 120
0 73
14 152
111 24
34 35
27 55
147 138
60 124
101 36
177 22
12 77
113 100
18 105
66 68
35 157
40 115
136 92
89 65
97 58
124 8
97 96
9 1
16 50
69 11
84 57
123 177
74 49
37 141
23 82
105 118
104 103
122 179
173 131
50 166
78 126
49 102
52 129
82 75
68 102
166 23
88 73
74 57
58 55
88 137
39 42
130 41
28 42
69 138
152 76
115 107
62 49
70 146
120 164
70 73
130 20
145 161
89 1
75 153
116 147
4 10
68 13
124 16
16 11
2 10
5 126
114 51
157 41
104 68
134 141
41 69
122 109
145 142
158 114
153 91
172 102
11 108
35 104
110 7
158 28
95 110
99 163
65 140
177 115
83 179
29 179
0 28
152 162
117 7
170 42
56 117
105 178
147 26
155 4
116 35
62 33
31 11
61 77
64 118
55 172
44 1
9 46
77 39
156 104
119 173
33 63
128 141
145 17
147 180
111 74
157 45
67 0
62 89
152 67
98 8
157 90
122 67
116 88
41 10
88 121
77 151
147 89
180 74
117 131
8 59
33 144
108 161
157 107
130 136
31 125
68 128
106 92
155 86
21 90
22 156
21 179
8 155
33 27
47 91
153 78
28 122
110 88
134 1
97 162
37 14
68 54
98 170
56 21
101 74
26 135
19 54
77 111
67 96
94 10
126 4
83 133
76 17
26 90
105 12
167 9
32 88
48 98
142 162
118 159
78 24
