9
1 0
1
1 0 1 180
2 2
1 4
1 0
1 170
2 180 1 90
3 5
1 10 100
1 5
1 35
1 125
2 225
2 295
3 100 1 0
10 9
1 2 3 4 5 6 7 8 9 10
1 0
2 180
3 0
4 180
5 0
6 180
7 0
8 180
9 0
10 90 1 270
10 9
10 20 30 40 50 60 70 80 90 100
1 0
2 180
3 90 
4 270
5 135
6 315
7 225
8 45 
9 180
10 0 1 180
3 3
1 2 10
2 135
2 46
1 135
3 90 1 90
10 20
100 200 400 800 1600 3200 6400 12800 25600 51200
1 0
1 180
2 360
9 135
9 60
8 120
8 315
7 180
7 0
6 10
6 350
6 180
5 90
5 270
4 45
4 135
4 120
3 275
3 265
3 250
1 90 10 270
10 20
1000 2000 3000 4000 5000 6000 7000 8000 9000 10000
1 0
1 180
2 360
9 135
9 60
8 120
8 315
7 180
7 0
6 10
6 350
6 180
5 90
5 270
4 45
4 135
4 120
3 275
3 265
3 250
1 90 10 270
5 8
10 20 30 50 80
1 0
1 180
2 30
2 210
3 60
3 240
4 90
4 270
5 135 1 315
