10
20
407.89 297.33
486.21 355.39
466.51 138.22
478.17 22.04
361.96 342.76
385.70 191.24
396.65 80.21
293.27 283.17
305.89 194.27
304.38 116.49
210.73 290.67
215.99 204.88
190.26 96.43
198.22 31.64
136.19 361.96
120.53 188.22
81.13 288.22
62.45 223.06
46.28 144.77
76.08 78.22
568.53 373.07
560.96 11.94
530.15 320.04
497.82 185.18
538.22 58.41
462.45 218.22
474.08 73.56
431.66 354.89
349.84 102.35
385.70 27.09
272.70 332.41
250.34 77.09
287.96 34.76
217.00 375.09
143.26 286.20
142.25 57.90
55.88 352.36
75.69 20.01
29.62 377.11
11.94 22.55
0 191.18
20
407.89 297.33
486.21 355.39
466.51 138.22
478.17 22.04
361.96 342.76
385.70 191.24
396.65 80.21
293.27 283.17
305.89 194.27
304.38 116.49
210.73 290.67
215.99 204.88
190.26 96.43
198.22 31.64
136.19 361.96
120.53 188.22
81.13 288.22
62.45 223.06
46.28 144.77
76.08 78.22
18.22 225.07
28.18 173.94
530.15 320.04
497.82 185.18
43.23 108.22
462.45 218.22
474.08 73.56
431.66 354.89
349.84 102.35
385.70 27.09
272.70 332.41
250.34 77.09
287.96 34.76
217.00 375.09
143.26 286.20
142.25 57.90
55.88 352.36
75.69 20.01
29.62 377.11
11.94 22.55
0 191.18
20
407.89 297.33
486.21 355.39
466.51 138.22
478.17 22.04
361.96 342.76
385.70 191.24
396.65 80.21
293.27 283.17
305.89 194.27
304.38 116.49
210.73 290.67
215.99 204.88
190.26 96.43
198.22 31.64
136.19 361.96
120.53 188.22
81.13 288.22
62.45 223.06
46.28 144.77
76.08 78.22
568.53 373.07
560.96 11.94
530.15 320.04
497.82 185.18
538.22 58.41
462.45 218.22
474.08 73.56
431.66 354.89
349.84 102.35
385.70 27.09
272.70 332.41
250.34 77.09
287.96 34.76
217.00 375.09
143.26 286.20
142.25 57.90
55.88 352.36
75.69 20.01
29.62 377.11
11.94 22.55
0 191.18
20
407.89 297.33
486.21 355.39
466.51 138.22
478.17 22.04
361.96 342.76
385.70 191.24
396.65 80.21
293.27 283.17
305.89 194.27
304.38 116.49
210.73 290.67
215.99 204.88
190.26 96.43
198.22 31.64
136.19 361.96
120.53 188.22
81.13 288.22
62.45 223.06
46.28 144.77
76.08 78.22
18.22 225.07
28.18 173.94
530.15 320.04
497.82 185.18
43.23 108.22
462.45 218.22
474.08 73.56
431.66 354.89
349.84 102.35
385.70 27.09
272.70 332.41
250.34 77.09
287.96 34.76
217.00 375.09
143.26 286.20
142.25 57.90
55.88 352.36
75.69 20.01
29.62 377.11
11.94 22.55
0 191.18
20
407.89 297.33
486.21 355.39
466.51 138.22
478.17 22.04
361.96 342.76
385.70 191.24
396.65 80.21
293.27 283.17
305.89 194.27
304.38 116.49
210.73 290.67
215.99 204.88
190.26 96.43
198.22 31.64
136.19 361.96
120.53 188.22
81.13 288.22
62.45 223.06
46.28 144.77
76.08 78.22
568.53 373.07
560.96 11.94
530.15 320.04
497.82 185.18
538.22 58.41
462.45 218.22
474.08 73.56
431.66 354.89
349.84 102.35
385.70 27.09
272.70 332.41
250.34 77.09
287.96 34.76
217.00 375.09
143.26 286.20
142.25 57.90
55.88 352.36
75.69 20.01
29.62 377.11
11.94 22.55
0 191.18
20
407.89 297.33
486.21 355.39
466.51 138.22
478.17 22.04
361.96 342.76
385.70 191.24
396.65 80.21
293.27 283.17
305.89 194.27
304.38 116.49
210.73 290.67
215.99 204.88
190.26 96.43
198.22 31.64
136.19 361.96
120.53 188.22
81.13 288.22
62.45 223.06
46.28 144.77
76.08 78.22
18.22 225.07
28.18 173.94
530.15 320.04
497.82 185.18
43.23 108.22
462.45 218.22
474.08 73.56
431.66 354.89
349.84 102.35
385.70 27.09
272.70 332.41
250.34 77.09
287.96 34.76
217.00 375.09
143.26 286.20
142.25 57.90
55.88 352.36
75.69 20.01
29.62 377.11
11.94 22.55
0 191.18
20
407.89 297.33
486.21 355.39
466.51 138.22
478.17 22.04
361.96 342.76
385.70 191.24
396.65 80.21
293.27 283.17
305.89 194.27
304.38 116.49
210.73 290.67
215.99 204.88
190.26 96.43
198.22 31.64
136.19 361.96
120.53 188.22
81.13 288.22
62.45 223.06
46.28 144.77
76.08 78.22
568.53 373.07
560.96 11.94
530.15 320.04
497.82 185.18
538.22 58.41
462.45 218.22
474.08 73.56
431.66 354.89
349.84 102.35
385.70 27.09
272.70 332.41
250.34 77.09
287.96 34.76
217.00 375.09
143.26 286.20
142.25 57.90
55.88 352.36
75.69 20.01
29.62 377.11
11.94 22.55
0 191.18
20
407.89 297.33
486.21 355.39
466.51 138.22
478.17 22.04
361.96 342.76
385.70 191.24
396.65 80.21
293.27 283.17
305.89 194.27
304.38 116.49
210.73 290.67
215.99 204.88
190.26 96.43
198.22 31.64
136.19 361.96
120.53 188.22
81.13 288.22
62.45 223.06
46.28 144.77
76.08 78.22
18.22 225.07
28.18 173.94
530.15 320.04
497.82 185.18
43.23 108.22
462.45 218.22
474.08 73.56
431.66 354.89
349.84 102.35
385.70 27.09
272.70 332.41
250.34 77.09
287.96 34.76
217.00 375.09
143.26 286.20
142.25 57.90
55.88 352.36
75.69 20.01
29.62 377.11
11.94 22.55
0 191.18
20
407.89 297.33
486.21 355.39
466.51 138.22
478.17 22.04
361.96 342.76
385.70 191.24
396.65 80.21
293.27 283.17
305.89 194.27
304.38 116.49
210.73 290.67
215.99 204.88
190.26 96.43
198.22 31.64
136.19 361.96
120.53 188.22
81.13 288.22
62.45 223.06
46.28 144.77
76.08 78.22
568.53 373.07
560.96 11.94
530.15 320.04
497.82 185.18
538.22 58.41
462.45 218.22
474.08 73.56
431.66 354.89
349.84 102.35
385.70 27.09
272.70 332.41
250.34 77.09
287.96 34.76
217.00 375.09
143.26 286.20
142.25 57.90
55.88 352.36
75.69 20.01
29.62 377.11
11.94 22.55
0 191.18
20
407.89 297.33
486.21 355.39
466.51 138.22
478.17 22.04
361.96 342.76
385.70 191.24
396.65 80.21
293.27 283.17
305.89 194.27
304.38 116.49
210.73 290.67
215.99 204.88
190.26 96.43
198.22 31.64
136.19 361.96
120.53 188.22
81.13 288.22
62.45 223.06
46.28 144.77
76.08 78.22
18.22 225.07
28.18 173.94
530.15 320.04
497.82 185.18
43.23 108.22
462.45 218.22
474.08 73.56
431.66 354.89
349.84 102.35
385.70 27.09
272.70 332.41
250.34 77.09
287.96 34.76
217.00 375.09
143.26 286.20
142.25 57.90
55.88 352.36
75.69 20.01
29.62 377.11
11.94 22.55
0 191.18
