2 1
0 0
1 2
2 1
0 1
1 2
1 0
0
5 4
0 1 1 0 1
1 2
2 3
3 4
4 5
3 3
0 1 0
1 2
2 3
1 3
4 3
0 1 0 0
1 2
2 3
2 4
6 5
1 0 0 0 1 1
1 2
1 3
1 4
4 5
4 6
6 6
1 0 0 0 1 1
1 2
1 3
1 4
4 5
4 6
2 6
5 5
1 0 0 1 0
1 2
1 5
1 3
4 5
1 4
10 9
1 0 0 0 0 0 1 1 1 0
1 5
1 4
8 9
2 6
3 8
9 10
1 2
5 7
2 3
10 10
0 1 0 1 1 1 1 1 0 1
4 10
2 5
3 6
3 4
1 7
1 2
6 8
2 3
4 7
7 9
10 14
0 1 1 0 0 1 0 0 0 1
7 10
3 5
4 10
1 9
1 2
6 9
4 8
1 4
1 3
6 7
4 9
3 7
2 6
2 5
15 14
0 0 1 1 1 0 1 1 0 1 1 0 0 1 0
2 3
13 14
1 5
7 11
3 4
1 2
1 7
11 12
3 9
1 6
6 10
3 15
5 8
5 13
15 16
0 1 0 0 1 1 1 1 0 0 0 1 1 1 1
3 7
2 4
2 3
4 8
11 12
1 11
1 5
5 15
10 14
2 13
4 6
1 2
2 9
9 15
2 7
5 10
100 150
1 0 1 1 1 1 0 0 0 0 1 0 0 1 1 0 1 0 0 0 1 1 0 0 1 1 0 0 0 1 1 1 0 1 0 1 1 0 1 0 1 1 1 1 0 0 0 1 0 0 1 1 0 0 0 1 1 1 0 0 0 0 1 1 1 1 1 0 1 0 0 0 1 1 0 1 1 1 0 1 1 0 1 1 1 0 0 0 1 0 0 0 0 1 1 0 1 0 1 1
25 37
44 76
29 96
22 81
4 97
4 61
16 17
20 75
29 59
20 59
38 51
30 32
72 78
31 54
15 23
17 59
91 100
50 51
2 88
8 49
47 88
29 40
1 5
58 60
1 15
34 44
25 45
56 60
3 8
40 82
14 45
4 9
21 62
52 64
10 100
60 78
28 75
7 86
9 80
2 8
6 43
81 87
21 79
68 90
39 56
6 100
4 38
30 42
69 70
5 45
35 50
45 99
24 76
20 24
36 48
62 87
27 39
31 33
2 11
48 72
16 74
2 4
73 98
17 35
5 57
71 82
32 44
1 26
10 24
39 55
5 49
9 10
69 83
89 92
27 30
62 71
10 91
6 47
1 16
44 71
27 87
7 10
76 97
44 57
71 89
12 21
39 95
42 45
74 85
16 18
62 67
39 94
55 76
32 38
11 28
64 75
69 71
19 44
53 69
12 31
25 27
6 7
12 14
52 68
33 54
47 70
19 22
27 29
5 92
38 84
59 81
13 65
12 13
12 19
41 95
41 53
72 93
29 89
19 95
50 66
5 12
22 73
34 84
85 99
32 52
39 63
25 63
64 90
1 2
37 95
36 80
24 86
36 41
14 60
5 6
79 95
10 90
20 84
9 20
5 29
70 86
70 78
2 3
3 25
28 58
30 36
58 77
14 41
8 34
3 46
100 100
1 0 1 0 1 0 0 0 1 1 1 1 0 1 0 0 0 0 0 1 1 0 1 1 0 1 1 0 0 0 1 0 1 1 1 0 1 0 0 1 1 1 0 0 1 0 0 0 0 1 1 0 1 1 0 1 1 1 0 0 0 0 1 1 0 0 0 0 1 0 1 1 1 1 1 0 0 0 0 1 1 1 0 0 1 0 0 1 1 0 1 0 0 1 1 0 1 1 0 0
12 13
5 26
73 93
68 95
16 88
3 99
50 59
1 5
29 66
31 41
21 81
1 2
71 72
34 38
49 69
69 84
18 23
25 29
11 12
8 14
49 70
3 4
9 24
17 90
4 74
45 56
54 55
2 3
68 89
6 7
30 94
63 73
36 52
33 60
30 97
2 61
84 86
47 75
12 71
8 48
23 40
11 16
53 65
35 44
4 18
13 36
2 15
28 51
17 31
3 25
2 98
23 27
8 21
19 47
27 67
21 76
20 64
1 34
29 63
19 22
73 78
63 77
31 85
28 57
49 58
9 50
36 45
62 100
1 32
16 19
10 35
3 8
34 42
4 68
30 43
71 92
2 37
37 53
3 10
28 48
23 28
17 39
22 49
57 87
19 46
29 62
7 11
1 17
8 20
4 6
87 91
6 33
25 96
2 9
37 54
12 80
5 79
81 83
8 82
23 30
100 100
0 0 1 1 0 0 0 1 0 0 1 0 0 1 0 0 1 0 1 1 1 0 0 0 1 0 1 1 1 1 1 1 0 1 0 0 1 0 0 0 0 1 0 1 1 1 1 0 0 1 1 1 1 1 0 0 0 0 1 1 0 0 0 1 1 0 1 0 0 1 1 1 1 1 0 0 0 1 1 0 0 1 0 0 0 1 0 1 1 1 1 1 1 1 1 0 1 1 1 0
53 76
70 86
1 22
57 85
59 99
26 28
8 10
28 67
20 32
3 7
22 36
47 98
35 65
9 24
41 90
24 27
77 81
31 83
13 20
9 31
14 55
42 64
2 74
53 62
10 14
21 26
20 41
72 80
6 8
16 78
2 30
14 18
34 35
4 97
59 63
5 40
36 38
6 11
34 60
56 73
39 61
40 42
69 89
36 40
1 3
8 23
4 6
10 12
25 59
11 33
33 48
42 71
36 96
13 91
18 88
15 39
3 5
68 93
5 19
6 13
13 37
70 75
53 58
15 50
12 51
85 100
30 70
26 43
19 25
4 17
64 87
30 54
29 72
20 82
18 34
65 69
9 15
43 66
67 95
66 68
4 21
29 52
45 77
38 79
27 92
10 53
27 56
29 44
11 16
72 84
36 49
1 2
7 45
2 4
20 94
16 46
7 9
1 47
24 29
27 57
100 99
0 1 0 1 0 1 0 1 0 1 0 1 0 1 0 1 0 1 0 1 0 1 0 1 0 1 0 1 0 1 0 1 0 1 0 1 0 1 0 1 0 1 0 1 0 1 0 1 0 1 0 1 0 1 0 1 0 1 0 1 0 1 0 1 0 1 0 1 0 1 0 1 0 1 0 1 0 1 0 1 0 1 0 1 0 1 0 1 0 1 0 1 0 1 0 1 0 1 0 0
27 28
50 51
13 14
81 82
17 18
94 95
74 75
47 48
95 96
2 3
24 25
70 71
42 43
34 35
37 38
20 21
28 29
39 40
69 70
52 53
77 78
80 81
45 46
3 4
51 52
7 8
49 50
31 32
62 63
25 26
67 68
8 9
41 42
59 60
71 72
89 90
38 39
9 10
99 100
5 6
83 84
63 64
90 91
23 24
96 97
76 77
16 17
54 55
85 86
44 45
64 65
1 2
65 66
86 87
72 73
57 58
10 11
91 92
36 37
15 16
58 59
78 79
18 19
75 76
82 83
22 23
30 31
84 85
98 99
46 47
6 7
4 5
53 54
56 57
87 88
55 56
11 12
48 49
19 20
60 61
68 69
66 67
21 22
29 30
93 94
14 15
92 93
43 44
32 33
26 27
79 80
40 41
35 36
61 62
97 98
88 89
33 34
73 74
12 13
100 99
0 0 1 0 0 1 0 0 1 0 0 1 0 0 1 0 0 1 0 0 1 0 0 1 0 0 1 0 0 1 0 0 1 0 0 1 0 0 1 0 0 1 0 0 1 0 0 1 0 0 1 0 0 1 0 0 1 0 0 1 0 0 1 0 0 1 0 0 1 0 0 1 0 0 1 0 0 1 0 0 1 0 0 1 0 0 1 0 0 1 0 0 1 0 0 1 0 0 1 0
72 73
45 46
70 71
7 8
16 17
9 10
19 20
12 13
40 41
27 28
2 3
79 80
74 75
99 100
55 56
30 31
41 42
87 88
37 38
58 59
42 43
76 77
28 29
75 76
60 61
22 23
38 39
88 89
47 48
65 66
59 60
39 40
4 5
34 35
43 44
26 27
63 64
67 68
62 63
73 74
71 72
13 14
56 57
81 82
29 30
21 22
3 4
46 47
44 45
64 65
25 26
18 19
8 9
95 96
85 86
6 7
90 91
24 25
80 81
15 16
36 37
54 55
50 51
83 84
23 24
82 83
49 50
69 70
84 85
97 98
1 2
94 95
78 79
5 6
89 90
20 21
10 11
17 18
51 52
35 36
61 62
96 97
77 78
91 92
66 67
31 32
92 93
98 99
86 87
14 15
32 33
68 69
48 49
53 54
11 12
33 34
93 94
57 58
52 53
100 99
0 1 1 0 1 0 0 0 0 1 1 1 1 1 0 1 1 1 0 1 0 1 1 0 0 0 0 0 0 0 0 0 1 1 1 0 0 1 0 0 1 0 1 0 1 1 0 0 0 1 1 0 1 1 0 1 1 1 1 1 0 0 0 0 0 1 0 1 0 0 1 1 1 0 0 1 0 1 1 1 0 1 1 1 1 0 1 0 1 0 1 1 1 1 0 0 1 1 1 1
12 48
47 59
44 56
25 97
17 39
8 76
17 86
33 65
78 95
35 49
64 98
6 38
32 34
12 52
12 24
19 45
4 13
26 54
3 15
5 7
58 77
54 64
45 55
63 100
4 11
5 69
60 88
29 58
27 73
47 89
15 22
21 68
9 18
1 94
29 57
10 44
19 20
1 80
12 31
46 75
39 72
61 82
1 23
3 37
35 67
37 53
8 92
7 33
1 10
43 74
8 87
25 46
26 79
18 21
23 40
34 63
62 84
23 29
9 43
3 9
6 50
1 3
40 85
61 66
65 78
14 61
77 93
27 35
33 47
6 12
12 32
41 70
9 71
28 41
15 17
5 8
3 6
39 91
1 2
35 62
20 28
16 25
20 27
14 26
46 90
10 96
43 81
4 5
7 99
14 30
9 14
2 4
33 36
17 19
20 42
9 16
27 51
37 60
37 83
100 100
0 1 0 1 0 1 0 1 0 1 1 0 1 1 0 0 1 0 1 0 1 0 0 1 0 1 1 1 1 0 0 1 0 1 1 0 1 0 1 1 0 1 0 1 0 1 1 0 0 1 1 1 0 0 0 0 0 1 0 1 0 0 1 1 1 0 0 1 1 1 1 1 1 0 0 0 0 1 0 1 1 0 1 0 1 1 1 0 1 0 0 1 1 0 0 0 0 1 0 0
44 82
89 94
2 3
13 33
23 78
62 80
2 66
24 54
26 76
19 90
2 75
35 43
3 29
12 32
1 27
45 70
26 30
8 9
46 88
23 65
79 81
15 64
1 2
24 48
32 100
21 31
41 46
7 13
31 72
46 62
19 22
64 91
68 79
12 19
35 38
20 21
20 35
7 17
1 8
67 71
76 83
8 67
5 11
18 26
9 14
48 52
4 18
34 99
9 10
6 41
16 24
25 85
4 5
14 20
54 69
68 77
80 93
21 23
14 15
3 4
58 96
3 63
6 7
38 58
6 95
12 51
2 12
1 6
9 60
7 93
1 44
7 86
9 42
4 49
6 97
20 40
10 16
37 53
9 28
51 59
19 45
6 25
35 74
82 87
57 73
30 68
6 84
27 36
32 56
36 37
59 98
18 50
45 92
77 89
17 55
33 34
5 39
9 47
11 57
47 61
100 4950
0 1 0 1 1 1 1 0 0 0 1 0 0 0 1 1 0 1 1 0 0 0 1 1 0 0 0 1 0 1 1 1 1 0 1 0 1 1 0 0 1 0 1 0 1 1 1 0 0 0 0 0 1 1 1 0 1 0 1 0 1 0 0 1 0 0 0 0 0 1 1 1 1 1 0 0 0 0 0 1 0 0 1 1 1 0 1 1 0 0 1 0 1 0 1 0 0 0 1 1
51 93
41 99
27 76
34 48
33 95
22 81
59 61
71 88
49 50
40 61
46 51
17 46
56 83
69 86
10 55
16 36
61 76
35 39
30 96
4 46
11 90
46 90
41 97
33 54
47 68
24 70
77 87
14 67
15 100
8 97
21 64
20 90
74 81
26 53
3 82
52 56
11 36
30 55
81 88
15 59
66 85
33 41
54 58
70 97
34 44
2 63
4 98
4 65
13 86
21 54
48 72
54 90
36 43
1 65
8 90
10 58
30 44
23 56
25 45
14 23
73 89
16 74
54 85
38 42
49 54
62 83
83 96
8 99
76 98
9 69
45 86
47 75
14 33
72 80
59 72
43 79
17 79
53 65
18 95
80 88
81 95
56 67
34 65
45 64
57 59
65 86
22 48
38 84
50 62
24 96
66 83
93 98
6 80
23 53
9 98
44 83
41 68
78 97
20 72
34 93
34 46
22 96
37 63
66 91
14 72
82 86
5 90
4 86
2 70
62 86
35 50
15 45
29 37
23 74
20 91
40 93
22 73
34 99
30 63
34 35
43 98
53 72
44 91
3 80
15 68
28 83
50 89
1 79
27 53
67 88
94 97
9 66
24 68
17 90
43 96
15 80
12 30
3 100
77 97
10 50
56 73
43 90
38 71
52 98
24 28
2 22
27 42
70 88
31 84
3 79
24 100
24 78
40 86
10 60
10 81
45 93
10 74
36 62
35 64
38 76
9 21
24 58
41 71
12 92
35 54
30 70
71 74
2 59
85 98
67 84
89 95
2 93
18 55
12 75
5 64
7 74
11 46
7 83
35 85
20 29
45 96
38 75
87 90
37 41
8 37
63 67
53 87
61 77
10 36
39 60
69 77
66 81
5 78
25 41
18 48
88 94
19 82
9 92
6 87
12 58
8 20
20 94
6 78
4 67
14 24
23 85
10 80
35 90
69 82
26 39
82 93
3 25
2 72
35 55
34 97
57 64
29 92
18 90
29 66
61 81
26 79
40 89
42 66
17 89
14 77
38 49
16 35
11 58
1 8
47 98
27 68
62 65
46 60
47 65
30 76
6 61
67 83
15 65
22 55
29 86
40 60
36 44
2 10
3 27
12 81
60 99
61 73
3 23
32 60
51 72
33 73
4 9
32 65
22 27
50 63
44 95
4 21
12 68
24 44
30 80
54 61
15 29
33 82
12 89
30 87
20 56
10 76
27 31
38 63
52 93
48 82
37 91
15 36
2 47
11 53
46 82
59 69
56 86
18 98
34 43
57 85
10 37
12 31
39 64
16 24
31 45
9 52
27 28
38 98
13 31
32 79
72 90
33 36
33 45
1 88
2 73
15 57
81 93
83 88
1 72
4 58
50 83
21 78
56 91
18 87
47 87
39 74
53 74
25 71
27 96
2 29
33 94
11 24
49 69
70 100
29 97
29 59
28 91
47 71
24 34
3 56
11 33
58 60
57 86
11 84
24 33
69 76
15 70
7 46
49 84
19 68
31 59
69 100
55 89
76 87
73 86
42 77
87 89
26 29
67 98
9 43
21 76
8 59
8 92
2 19
73 92
59 78
8 78
57 96
52 74
20 51
32 96
28 38
10 29
42 98
26 36
6 94
36 64
18 62
14 74
14 79
10 92
9 82
13 50
26 71
61 95
17 71
53 94
34 83
74 97
24 32
8 61
57 100
21 46
46 70
16 46
53 92
74 77
23 45
25 84
36 60
63 68
5 97
20 57
32 63
6 50
23 100
75 91
22 62
62 97
4 93
15 61
40 92
37 77
33 67
41 67
54 67
7 45
45 60
13 23
43 71
3 92
3 35
49 75
20 70
20 79
37 61
19 40
27 95
66 84
72 74
22 97
60 74
45 84
31 50
12 69
37 51
42 65
61 66
5 82
1 60
1 51
45 65
51 56
74 86
28 84
5 46
27 75
6 17
59 92
12 32
48 60
9 80
1 5
45 46
65 91
69 89
1 94
15 90
51 59
54 89
42 44
20 88
19 52
27 34
19 43
40 67
10 70
5 12
25 92
39 49
49 68
61 85
12 27
8 55
47 55
6 66
15 30
1 14
38 54
21 23
29 75
8 15
45 50
16 72
33 76
74 90
55 56
40 75
41 58
5 60
19 21
78 99
48 73
75 89
5 58
21 22
91 93
3 71
21 87
15 95
67 87
69 90
8 57
97 98
20 96
43 86
3 98
6 79
67 76
23 48
47 92
64 78
26 81
19 100
20 44
20 82
34 39
6 86
26 61
40 58
58 84
19 80
7 56
1 18
1 20
49 98
11 32
9 30
36 74
57 92
15 53
48 98
62 70
69 91
46 80
79 90
3 58
23 84
70 73
18 32
40 81
30 41
16 31
63 69
34 42
35 76
81 87
42 56
76 100
44 85
92 99
79 95
17 29
12 94
7 31
24 49
18 22
85 99
44 72
51 66
46 100
16 85
42 61
64 99
46 54
26 41
17 26
4 94
32 38
76 78
77 89
5 57
14 69
82 92
6 56
20 31
8 52
61 94
13 21
34 92
24 31
42 59
2 35
39 57
13 49
37 96
65 74
89 91
31 85
39 91
17 60
28 80
47 50
22 87
13 84
4 33
11 74
33 91
30 57
43 95
8 40
20 41
67 75
83 91
36 38
70 79
40 83
9 86
28 50
37 95
5 94
50 91
18 80
7 10
11 98
45 62
26 48
25 91
7 51
39 99
81 82
83 89
66 98
17 30
14 91
59 84
62 82
23 79
90 95
25 79
7 18
41 88
71 98
59 60
70 92
34 86
19 92
5 29
78 88
45 48
4 92
7 93
12 78
34 82
56 78
24 37
83 94
38 51
1 96
10 83
29 40
59 67
48 71
78 93
5 55
21 47
45 71
26 100
32 37
35 86
24 30
5 62
8 44
13 32
9 84
1 41
17 23
41 52
35 79
50 61
34 85
11 94
24 95
14 55
24 98
34 41
18 47
22 53
65 69
73 95
45 92
39 94
5 65
9 70
35 81
62 88
1 16
3 17
16 80
60 96
23 86
11 70
31 92
5 14
17 22
12 25
32 69
74 94
96 97
59 81
15 63
42 95
10 52
30 31
80 87
81 89
12 64
19 36
7 21
46 72
76 94
31 36
21 27
37 82
55 80
15 81
3 55
37 84
51 94
37 98
36 41
46 59
80 82
57 70
91 96
50 100
4 14
31 52
32 35
15 50
9 31
68 79
27 73
63 92
21 77
51 98
2 67
24 66
11 95
91 100
59 76
33 60
42 46
39 46
6 11
2 84
23 50
17 33
10 77
53 84
4 75
50 98
23 35
14 17
38 67
75 97
47 72
8 62
28 79
2 96
72 84
17 54
65 82
61 64
71 95
29 55
78 84
8 69
23 89
62 85
28 30
28 73
75 99
55 90
32 49
32 34
35 95
78 82
14 98
30 37
31 81
48 53
32 72
9 97
7 97
22 93
41 61
18 44
59 71
6 91
15 82
47 100
85 87
18 70
86 90
27 30
2 86
8 39
46 94
13 16
41 57
74 82
37 71
14 95
16 91
5 87
46 61
3 14
27 36
36 78
41 100
34 68
6 35
20 87
48 97
9 33
87 92
71 72
58 94
70 80
3 52
75 92
26 82
26 87
44 48
36 53
32 92
13 54
7 85
52 71
26 44
78 79
13 85
30 45
47 97
4 49
1 2
44 50
31 67
84 96
32 85
30 64
63 80
55 63
23 59
26 51
29 84
95 98
55 79
20 26
43 59
42 94
41 85
26 57
32 50
1 90
5 99
26 76
19 64
21 84
75 77
30 88
3 8
44 90
68 88
82 99
52 72
10 88
15 91
15 89
29 70
90 96
46 95
49 100
11 50
84 92
86 96
21 85
17 25
31 41
48 85
82 100
56 81
32 100
34 81
67 93
19 20
33 100
2 7
59 77
11 96
11 99
5 51
13 97
4 48
74 76
17 63
14 43
12 45
33 42
1 63
5 75
10 27
33 85
51 68
7 60
30 69
26 30
25 69
25 35
59 90
30 47
22 34
71 75
38 55
59 97
25 33
36 90
54 75
23 30
55 68
8 22
80 85
64 88
43 77
31 62
4 20
41 64
13 33
21 45
1 54
15 42
53 58
46 81
53 55
86 98
8 98
55 72
31 58
38 50
8 82
13 22
31 99
25 89
5 76
28 64
14 78
51 63
26 38
5 61
61 65
21 35
70 81
31 46
12 15
64 92
62 67
62 73
26 31
64 65
34 88
5 33
18 76
30 85
73 97
6 83
47 89
16 21
75 82
45 66
85 95
24 77
23 63
16 89
28 88
34 69
10 97
54 94
44 79
24 73
12 54
17 98
29 69
31 95
4 81
42 73
32 97
45 47
20 21
27 33
55 67
14 40
26 63
50 76
3 6
33 79
4 44
19 27
22 79
69 78
76 83
29 85
25 93
28 85
16 33
62 77
34 79
94 98
6 36
22 80
12 100
18 60
40 73
17 43
74 87
51 65
63 87
62 92
72 78
26 37
19 99
68 72
1 15
6 88
46 76
12 90
60 90
34 47
7 35
41 42
55 74
57 61
25 50
50 87
38 89
12 51
3 86
47 58
27 39
75 84
44 80
35 97
39 54
73 82
47 67
66 92
39 93
37 66
35 84
33 92
28 49
41 82
36 86
27 77
54 78
3 87
33 39
48 54
82 88
66 89
18 74
81 100
19 65
9 36
35 72
46 64
16 84
48 77
32 78
39 59
82 83
3 59
55 70
6 85
22 95
4 83
11 40
1 6
1 87
87 91
1 69
42 100
49 73
13 99
52 80
50 93
82 94
50 54
46 71
1 30
28 63
55 82
1 89
64 73
49 61
38 48
5 48
10 17
81 90
39 47
57 58
63 96
48 52
30 42
50 69
24 91
53 90
65 76
57 76
16 63
46 85
29 33
5 16
30 66
34 59
2 52
55 98
12 40
72 98
77 86
17 38
17 51
5 7
44 60
16 94
70 76
41 95
37 72
43 80
50 82
18 77
7 32
11 63
19 57
6 43
27 67
35 100
37 55
40 94
30 36
79 86
47 61
34 100
23 81
6 93
16 62
30 65
4 31
12 53
20 69
19 69
75 81
5 42
16 73
28 86
19 93
7 89
10 62
70 78
9 65
9 49
12 56
19 70
17 28
56 84
16 41
2 85
12 23
6 46
16 77
15 66
7 48
43 70
6 68
85 88
23 98
2 55
48 66
92 97
7 69
56 100
20 100
38 92
8 53
18 19
26 74
25 26
43 84
7 82
72 83
5 13
23 96
58 83
42 91
31 34
30 46
6 48
25 51
20 63
14 81
5 41
26 70
35 94
18 91
33 34
50 67
24 76
29 53
35 42
39 80
63 85
33 93
2 28
75 83
36 46
49 97
40 63
19 35
55 92
70 91
3 95
9 41
30 35
12 93
30 49
24 84
27 74
43 44
14 83
6 75
38 94
65 84
58 70
53 63
45 53
71 99
20 25
51 61
35 66
16 22
6 72
36 66
32 75
32 64
34 76
21 69
52 68
63 76
15 97
29 91
61 93
28 95
1 44
50 92
65 85
20 37
93 100
13 17
18 37
9 87
56 68
60 76
21 63
23 57
19 29
7 71
6 8
8 49
8 83
85 86
33 86
67 81
20 55
19 54
25 83
26 80
5 73
77 84
45 87
41 91
49 56
6 39
27 46
5 95
42 58
14 70
43 53
45 83
23 58
49 94
37 68
22 100
10 66
13 82
10 39
4 16
62 100
71 93
5 50
18 45
54 55
1 85
37 100
70 93
44 78
85 100
16 44
16 82
76 93
55 65
5 22
19 91
37 79
13 14
15 44
24 60
11 97
80 93
67 96
73 80
40 90
22 77
18 68
53 83
53 88
34 53
87 93
32 80
48 86
35 93
65 97
58 76
26 49
1 86
34 70
51 83
45 68
52 90
24 63
53 62
7 78
62 64
25 60
25 73
1 64
4 11
61 79
34 38
30 100
11 47
39 41
59 94
31 80
24 83
47 86
47 73
61 99
17 24
3 66
12 76
88 99
40 65
22 29
57 60
19 85
30 39
38 78
52 86
70 90
36 73
66 99
8 14
1 62
19 71
52 65
9 63
30 51
26 66
38 61
7 95
14 50
54 64
10 56
20 64
67 72
65 80
1 37
69 73
16 50
53 75
17 27
18 23
34 40
12 37
27 44
80 98
49 60
42 71
9 47
68 94
9 17
18 49
50 58
15 34
5 93
34 66
11 79
68 82
2 25
39 90
36 57
27 64
77 90
6 97
34 73
6 55
35 41
21 26
44 77
39 65
6 21
70 84
25 46
13 80
8 17
8 100
47 93
15 16
33 63
4 56
16 65
30 84
28 77
18 40
55 81
60 62
19 96
21 74
86 93
38 47
43 88
39 69
36 98
9 78
17 82
7 59
8 79
13 81
31 72
12 97
6 42
4 28
33 55
64 71
49 67
73 84
13 42
31 74
41 53
64 83
49 95
58 82
82 95
52 67
68 92
41 59
18 72
24 86
4 61
23 71
57 72
55 88
40 74
63 98
67 86
29 98
36 92
72 100
29 71
36 96
64 95
41 98
5 26
34 51
41 43
80 81
41 73
22 30
5 72
35 69
65 88
53 99
6 82
15 73
18 53
56 98
45 76
30 74
63 72
76 95
11 13
30 93
20 39
43 46
74 99
43 85
41 62
61 68
24 56
48 94
12 17
41 49
51 82
30 95
45 99
62 79
16 76
29 80
38 85
17 96
7 84
54 81
10 82
51 100
45 97
67 90
10 33
40 99
27 62
19 53
23 42
9 64
61 67
13 30
55 94
6 34
50 99
51 78
24 48
42 68
86 87
11 26
24 61
19 34
5 84
26 50
4 18
84 100
31 54
16 60
41 96
59 91
72 96
59 75
91 98
8 96
76 84
83 84
6 16
96 100
30 79
11 62
22 46
7 55
76 97
47 88
35 92
1 100
16 53
48 68
45 79
63 84
72 77
72 76
17 61
20 89
40 53
8 54
2 97
1 49
5 81
12 19
6 31
80 95
5 47
13 60
15 18
11 64
2 8
53 79
61 96
25 72
44 97
42 49
51 87
87 100
12 42
15 40
18 38
4 52
7 62
57 65
24 88
44 89
13 39
59 70
13 15
14 60
52 53
74 75
10 87
26 95
27 93
69 80
21 80
8 38
81 97
47 52
85 90
49 66
44 98
61 88
18 46
32 73
25 97
38 81
53 86
30 91
41 90
54 74
13 69
10 43
38 74
30 97
29 73
35 45
52 84
93 94
12 84
43 89
24 92
23 80
27 52
63 73
24 41
40 80
34 37
43 81
22 35
74 92
12 98
3 64
8 85
44 53
8 65
53 60
27 98
14 58
26 28
2 99
91 95
2 13
64 70
6 58
28 33
18 84
37 57
35 99
23 99
25 100
49 96
44 54
11 54
6 45
69 74
6 92
22 39
77 92
36 85
41 92
8 29
2 11
26 55
68 75
2 88
14 32
76 86
1 61
24 38
74 78
38 96
51 84
49 89
8 16
24 79
36 97
27 79
5 32
45 54
83 100
3 41
55 99
3 81
26 32
58 69
24 62
60 97
13 19
8 95
66 96
71 78
9 94
40 98
44 65
3 73
55 93
28 90
7 27
20 24
24 81
23 44
65 68
17 81
72 95
75 85
31 68
27 100
9 13
76 80
27 83
18 35
1 42
27 54
77 80
4 39
73 78
4 89
78 100
50 65
9 19
28 34
28 98
62 74
60 79
29 94
28 81
35 98
39 56
17 94
44 64
20 97
8 13
45 49
77 88
46 74
46 52
26 97
15 87
41 60
57 68
46 56
38 95
58 81
59 64
7 79
41 50
56 93
1 4
8 66
51 53
18 20
4 78
18 21
26 69
23 88
79 83
14 39
90 98
46 96
21 61
11 52
28 47
3 16
25 28
78 86
65 95
1 71
16 59
53 85
99 100
10 46
22 76
77 91
12 29
29 52
2 64
52 89
72 94
16 99
35 48
20 77
47 63
11 68
46 57
26 54
7 66
84 98
34 49
9 32
53 67
4 10
49 91
58 61
22 75
29 44
21 25
40 55
18 51
16 58
66 86
28 78
7 76
68 100
65 99
50 66
46 48
8 43
56 88
23 68
52 63
9 53
71 97
20 54
2 65
41 84
19 89
50 53
56 60
29 76
27 61
21 49
50 90
21 100
25 31
32 51
2 91
33 38
22 98
12 67
17 40
17 37
16 52
29 65
65 93
17 66
16 43
56 75
55 76
13 18
56 63
68 76
64 75
36 58
68 98
22 59
26 58
15 41
4 59
37 39
3 53
21 68
43 55
17 87
20 67
16 27
28 93
76 88
1 80
9 85
14 82
58 63
11 49
30 62
1 11
8 81
49 82
42 75
2 81
60 88
74 96
20 78
68 69
25 99
15 71
60 63
9 60
26 90
28 72
22 86
27 35
66 77
54 71
23 55
57 71
25 70
88 89
27 70
22 49
37 65
30 59
37 69
54 100
34 55
32 43
40 43
12 46
43 58
50 71
68 97
5 45
15 93
18 82
75 76
8 19
54 76
11 38
30 34
22 50
52 91
65 96
11 41
34 89
38 69
39 68
14 28
21 43
29 78
31 39
23 94
42 48
16 19
32 67
22 57
49 87
58 96
23 29
79 100
74 88
51 79
17 70
4 95
52 96
51 55
47 62
15 49
67 95
63 82
11 18
17 41
18 81
17 57
75 86
49 71
40 72
68 77
29 88
50 78
18 41
30 50
25 74
7 44
51 99
44 67
21 89
53 59
43 60
20 33
94 96
12 96
18 25
7 14
37 42
38 52
33 87
30 99
57 66
49 70
18 30
57 81
64 97
11 39
1 31
6 77
62 99
7 33
33 40
2 53
1 78
31 98
13 77
36 93
11 73
1 58
10 75
5 67
2 92
51 95
66 95
31 53
50 94
62 71
22 63
18 89
2 24
20 27
38 60
10 61
52 70
2 61
29 83
64 80
81 94
45 77
43 91
63 71
18 93
4 36
10 65
57 98
46 84
29 60
57 63
25 27
12 33
94 95
1 17
41 44
24 35
11 34
38 79
10 42
50 79
44 99
53 97
31 91
48 89
6 54
19 22
35 61
34 36
86 97
2 27
54 99
51 73
15 47
81 83
7 41
41 80
36 79
29 81
30 94
19 78
12 34
32 91
48 88
20 45
7 26
57 78
27 29
31 37
23 87
77 95
35 83
30 90
67 80
33 48
78 90
70 77
42 57
18 39
24 53
13 78
20 52
2 15
21 29
16 64
1 68
38 40
7 17
25 85
63 64
10 26
30 82
94 99
15 64
28 67
10 23
26 46
9 90
29 43
49 64
1 21
30 43
33 81
26 34
22 64
1 48
43 72
10 84
97 100
21 48
34 58
20 75
66 74
35 78
85 93
90 94
18 27
20 40
70 85
29 57
9 83
5 31
14 31
14 35
36 87
9 40
72 82
44 74
51 74
13 28
6 40
8 48
56 61
16 48
7 63
23 39
10 69
56 57
35 74
23 82
18 92
29 56
43 54
19 32
13 98
21 41
58 79
7 24
35 91
7 91
9 77
48 95
16 100
34 52
13 74
65 71
32 62
6 27
10 38
5 15
42 84
33 37
72 97
21 82
18 58
8 36
28 71
4 19
49 77
16 79
24 36
81 84
66 79
6 32
11 20
47 80
25 98
10 54
49 72
10 18
12 71
1 47
17 76
12 77
16 86
76 77
59 80
60 83
16 83
78 94
1 33
39 76
44 100
8 87
14 87
32 59
11 25
47 79
49 51
70 86
70 99
86 92
53 54
50 85
39 55
2 26
25 39
56 90
22 74
60 73
23 75
2 57
65 87
25 49
67 99
18 65
9 20
47 78
20 53
57 99
42 72
26 40
45 70
1 56
71 84
54 60
13 65
15 33
80 86
82 91
22 33
37 99
59 68
10 34
47 96
12 65
3 51
28 100
32 40
42 89
62 76
22 41
31 63
17 59
58 87
35 77
11 59
7 80
12 21
38 86
24 40
6 81
15 84
3 15
31 76
31 71
42 62
54 79
71 76
49 74
44 88
21 92
58 59
29 95
20 32
8 45
51 80
31 42
46 67
10 41
49 90
40 50
10 71
4 66
41 55
76 79
24 75
72 86
43 73
54 80
49 58
52 55
5 28
15 75
4 47
4 84
14 38
64 89
43 69
79 89
44 51
6 63
39 43
4 77
24 90
14 25
3 48
35 53
21 30
10 13
35 75
33 71
18 56
26 60
23 46
37 53
2 5
9 100
12 55
31 90
3 44
66 76
77 94
57 90
62 95
9 34
45 61
28 39
29 35
15 96
16 66
13 56
11 72
70 87
72 91
32 86
46 63
44 56
31 78
10 91
57 75
64 90
59 100
50 60
59 86
10 57
62 63
21 42
52 83
65 70
56 64
36 54
43 67
28 58
34 45
12 83
13 25
3 70
35 63
5 24
7 77
54 77
46 99
14 54
44 75
53 82
54 97
13 48
64 67
5 21
11 48
25 34
68 89
63 70
46 92
69 79
5 17
13 59
4 62
17 95
61 91
14 15
21 24
5 20
42 47
40 77
27 71
70 71
74 91
9 44
40 56
42 70
40 49
26 96
56 85
69 96
73 75
19 49
8 41
43 47
10 16
25 62
68 83
14 56
72 85
27 32
59 79
80 90
41 86
30 78
11 77
18 28
56 79
36 55
19 56
42 53
89 94
8 58
76 85
66 94
58 68
43 100
1 98
88 91
59 62
39 95
19 26
52 82
74 84
87 96
80 99
2 12
28 59
67 73
33 61
28 97
27 81
64 76
56 70
6 69
41 75
1 59
30 71
23 26
8 56
29 99
43 68
37 94
5 85
17 69
8 75
57 67
75 96
25 57
32 42
42 45
20 74
48 62
26 27
27 43
26 75
4 25
2 20
17 67
48 84
24 87
31 32
4 43
41 77
17 99
45 51
27 85
12 66
2 87
56 92
7 47
18 100
21 62
25 38
8 94
9 59
1 39
9 76
42 78
17 50
51 92
12 72
35 40
9 88
61 83
67 89
6 51
8 80
7 8
47 95
56 94
50 75
2 76
39 53
11 91
2 83
50 52
29 45
35 36
98 99
11 17
10 15
24 26
55 57
1 43
2 42
19 47
8 28
36 81
16 47
14 36
52 77
6 73
2 48
36 72
19 74
24 85
5 35
68 78
10 31
79 88
10 59
3 38
65 72
92 96
13 88
17 32
44 61
6 67
59 98
14 89
29 39
25 94
16 69
31 77
30 89
29 47
58 71
4 85
7 88
9 12
32 83
57 79
52 57
21 79
3 36
64 100
54 82
47 48
31 65
11 29
14 16
36 100
8 32
11 19
71 87
37 45
54 70
32 89
24 47
42 85
67 74
25 67
19 66
10 67
33 52
64 79
63 74
18 66
79 85
73 74
48 90
7 16
55 96
41 93
39 62
10 45
68 86
32 70
7 37
13 38
28 87
20 58
17 91
70 98
48 79
14 68
35 82
24 59
18 26
93 95
23 33
65 92
24 43
4 73
12 13
25 55
30 53
7 22
37 97
22 88
10 64
36 76
55 71
53 80
57 73
89 100
36 59
7 49
26 47
27 41
44 66
14 30
19 73
39 50
7 94
53 69
68 73
4 12
79 91
4 8
59 82
21 51
29 34
18 61
67 70
55 91
21 67
17 80
24 45
55 62
8 35
4 35
22 90
5 70
48 75
37 92
12 70
9 25
8 30
14 18
33 72
66 97
16 95
23 70
3 69
10 22
6 13
43 61
22 82
12 59
61 69
64 84
12 79
42 83
22 61
61 90
52 97
57 80
6 84
8 74
49 52
48 78
35 49
15 24
35 47
27 37
54 63
11 31
30 58
48 93
71 83
10 53
15 17
21 73
16 68
16 93
23 37
55 66
64 98
40 54
10 51
88 92
61 71
40 64
21 59
17 86
26 84
71 92
3 97
45 98
12 88
7 30
5 83
13 94
6 15
21 28
31 79
79 94
39 98
18 64
20 68
51 97
10 48
1 97
97 99
36 68
35 58
19 75
58 99
38 45
46 58
54 86
42 81
5 38
24 51
14 57
24 97
79 93
8 34
18 43
31 51
10 12
25 47
66 93
50 81
66 87
23 92
41 87
17 73
19 87
4 88
3 74
13 34
48 67
15 37
49 78
22 54
43 45
3 93
23 66
19 86
11 87
13 27
10 20
3 11
45 78
11 23
45 67
55 69
80 96
6 25
67 100
57 62
93 96
85 92
74 95
31 88
53 89
16 97
5 25
2 94
63 83
23 76
40 59
81 91
83 98
34 84
75 90
18 33
50 77
5 23
48 55
2 46
48 83
41 72
69 72
14 34
12 38
37 44
26 78
29 68
17 92
34 56
21 34
37 88
38 65
62 89
28 94
29 96
12 49
36 99
43 93
84 86
81 99
53 93
7 70
12 47
41 47
29 36
42 50
53 73
36 39
19 95
11 35
42 63
2 60
2 32
9 46
68 74
6 18
2 82
2 77
12 62
11 56
51 52
37 76
53 96
48 57
86 94
9 81
81 85
20 49
27 56
1 95
33 35
13 96
22 67
77 85
22 84
32 68
28 36
7 75
34 62
58 73
59 74
45 72
10 78
41 65
33 46
47 94
67 82
70 72
22 32
26 45
11 44
37 83
28 66
17 35
33 84
24 82
23 67
48 51
17 74
17 52
42 69
17 93
16 78
71 81
83 99
17 31
37 38
36 51
31 43
70 96
33 80
5 71
17 42
1 10
81 86
5 88
31 60
16 92
3 21
77 79
54 68
48 64
4 71
78 96
18 54
22 38
42 67
4 51
30 54
13 91
84 87
18 99
40 45
38 91
82 97
24 99
11 78
18 97
5 66
62 69
5 11
12 60
75 80
48 59
38 39
20 92
29 79
5 18
27 80
2 45
13 40
15 22
41 79
15 43
7 28
31 66
33 88
38 97
55 58
39 87
43 50
64 74
23 60
52 99
10 68
39 48
36 42
8 86
37 58
73 76
54 84
65 90
66 100
17 75
23 91
16 37
39 96
22 91
11 51
19 38
70 94
16 39
3 37
56 74
7 96
13 76
21 88
21 52
47 56
84 89
27 49
82 89
29 38
35 51
37 80
18 24
40 95
29 62
32 81
11 57
15 83
3 40
51 81
93 99
60 64
59 73
26 68
46 86
3 78
31 69
58 75
20 66
39 51
54 66
60 100
55 100
39 66
48 87
52 61
34 57
1 26
9 73
37 86
2 16
14 93
28 41
6 14
24 93
6 100
64 85
51 89
30 52
17 19
20 28
40 70
7 15
17 36
4 99
20 43
32 56
21 81
88 97
69 94
3 33
20 48
25 80
12 52
8 91
15 94
21 91
9 51
17 77
15 26
26 33
27 99
5 89
2 41
2 78
28 74
51 91
2 89
1 27
37 60
42 97
43 83
71 79
49 86
30 86
46 98
26 65
49 55
7 65
49 59
1 38
25 43
40 48
6 9
52 66
21 65
2 6
47 53
28 40
96 99
46 68
62 87
25 56
67 69
73 91
26 64
37 40
40 51
19 58
28 54
20 85
58 80
54 59
78 85
5 19
15 88
75 93
77 96
30 60
35 71
37 75
59 99
53 71
95 99
23 77
63 100
33 56
42 43
17 72
21 96
5 8
3 42
54 95
8 9
12 50
34 54
44 92
58 90
41 46
25 65
24 54
18 71
14 53
2 14
4 42
86 88
69 81
35 62
48 80
32 53
9 26
9 39
51 76
1 73
33 68
27 63
60 87
13 57
62 80
60 67
4 29
27 82
12 20
38 72
5 54
90 92
14 42
50 86
8 42
71 85
50 84
64 81
31 38
2 9
17 65
7 42
43 82
29 42
65 75
23 49
74 98
19 37
1 70
13 46
43 94
76 82
31 82
29 100
30 56
61 97
30 67
76 92
34 95
80 97
57 74
30 33
19 31
19 51
11 61
15 98
60 93
72 99
47 64
4 13
35 68
16 57
46 66
33 97
78 83
13 36
69 70
4 70
60 69
9 93
56 89
35 60
52 81
19 50
35 52
63 66
26 88
47 49
54 62
20 42
22 51
42 93
69 95
14 80
25 82
4 80
9 58
50 56
27 90
8 64
61 74
77 98
14 97
45 88
29 67
30 81
51 54
4 38
10 11
12 73
83 90
44 76
8 60
9 74
23 38
10 85
31 55
6 12
28 43
94 100
10 19
18 52
37 50
71 94
23 51
13 51
38 64
33 50
79 92
24 46
21 60
7 23
7 19
31 47
27 60
63 78
17 55
20 98
56 99
4 60
27 88
71 86
7 11
54 83
52 62
60 61
58 64
28 62
1 28
15 31
16 32
45 59
4 26
14 49
20 59
24 65
69 99
20 83
11 37
9 42
69 92
19 25
17 47
40 57
34 87
71 96
36 91
2 34
50 57
31 97
57 84
5 6
7 40
47 76
1 81
48 70
40 88
14 48
25 88
7 87
16 51
8 31
70 89
39 71
31 96
91 92
6 89
32 54
19 84
4 74
87 97
59 63
17 58
6 57
35 57
4 22
37 49
87 98
21 40
38 41
86 95
22 66
23 36
50 96
5 34
69 98
64 72
20 76
33 47
21 44
3 62
28 31
15 69
32 99
18 94
61 70
23 54
1 83
25 36
13 73
23 78
7 13
44 57
14 66
42 88
19 94
56 62
28 65
36 40
84 99
8 10
53 61
9 95
13 100
61 84
52 88
17 48
36 65
37 81
79 81
46 78
10 63
5 69
8 84
92 95
15 23
14 20
45 75
8 11
73 100
35 88
37 90
7 54
11 30
65 94
21 53
20 36
42 99
19 44
11 71
57 83
56 82
49 65
11 89
48 65
34 90
37 89
3 31
24 69
34 78
61 100
6 10
40 62
46 79
32 74
47 77
33 65
36 49
3 68
70 75
58 95
58 97
24 74
9 18
53 98
4 76
16 17
32 39
54 91
21 71
58 62
42 64
24 39
6 76
62 94
90 91
58 78
15 20
4 24
20 38
23 64
53 57
2 3
7 68
8 67
44 84
2 90
12 99
4 50
1 76
66 78
49 80
2 75
44 69
36 52
14 92
47 83
71 91
14 99
46 93
56 59
44 86
3 57
53 100
68 81
38 87
21 98
3 50
28 52
45 69
19 63
10 49
50 64
51 57
20 71
37 70
21 75
63 81
34 80
25 59
30 38
54 57
7 100
25 68
25 40
84 90
8 63
54 56
18 88
35 37
36 56
52 79
7 99
10 72
24 89
52 94
1 22
72 75
24 71
71 89
10 35
20 30
53 78
80 83
52 95
42 87
44 96
40 46
18 86
21 99
25 54
40 52
52 75
68 96
20 50
11 43
51 75
14 65
1 93
38 59
1 19
20 61
16 55
45 95
47 51
58 67
1 91
7 58
14 61
75 87
35 43
43 76
14 86
2 95
8 26
18 34
21 86
64 87
14 75
60 75
28 75
32 57
53 70
39 88
41 94
55 78
3 4
28 37
48 76
58 88
78 81
33 96
25 87
9 75
45 81
19 62
74 79
14 94
14 19
39 58
19 45
21 95
63 99
45 90
40 97
90 100
27 66
16 71
9 79
67 77
36 45
72 87
34 94
17 21
2 36
54 88
84 91
59 66
62 72
32 41
25 86
34 91
10 14
1 25
51 69
6 44
40 71
33 59
16 29
15 78
56 72
14 85
43 56
42 86
6 19
11 86
92 100
32 58
89 92
3 22
68 70
91 97
31 75
18 79
39 84
79 97
7 81
27 86
84 94
27 48
49 62
79 99
31 70
13 53
9 55
39 73
69 87
37 74
1 99
24 50
22 68
27 47
4 15
75 100
15 21
26 73
47 70
76 91
34 60
46 73
3 26
25 53
11 85
74 80
26 59
61 86
60 82
19 90
39 70
83 93
25 78
28 69
80 100
1 66
14 47
70 95
4 6
65 66
13 52
41 74
35 80
22 69
14 73
46 53
41 89
2 43
46 50
30 48
18 83
38 46
2 68
62 84
23 93
28 60
25 32
34 61
25 77
56 71
78 80
44 68
4 55
5 44
28 45
36 61
44 71
8 88
65 98
7 12
10 86
29 31
3 9
9 62
57 77
69 97
25 37
3 99
11 92
66 68
10 32
64 91
13 61
13 90
63 90
31 35
33 98
57 69
4 53
4 34
49 85
5 52
57 89
27 51
5 92
81 96
3 30
55 84
30 75
84 93
21 93
18 31
89 97
75 78
15 38
39 82
73 96
42 76
3 49
13 71
37 54
5 10
4 17
95 97
1 74
50 80
41 69
16 75
17 88
49 92
2 4
17 64
23 24
61 89
84 85
23 83
61 75
62 93
43 49
38 88
6 95
12 24
38 43
29 58
14 64
71 80
33 99
1 9
54 93
7 98
23 61
89 99
23 52
30 40
36 47
11 67
60 78
64 93
61 72
32 76
77 81
68 71
37 48
10 94
22 25
29 82
5 100
42 74
61 87
76 89
40 78
71 90
73 79
45 100
37 78
66 88
61 82
38 58
21 37
90 99
10 28
60 68
17 100
1 50
16 28
55 83
2 58
41 70
6 74
19 41
7 53
23 32
6 71
23 41
8 68
23 25
13 75
66 73
8 71
14 29
24 94
9 28
69 88
87 94
53 77
89 96
19 60
5 30
55 85
44 52
2 51
77 93
21 90
24 27
4 63
19 55
88 100
21 56
43 87
36 77
28 53
40 82
3 76
35 87
33 69
31 89
26 67
3 54
90 93
26 72
42 51
39 92
22 45
22 26
47 91
65 78
49 88
69 83
8 12
2 38
2 56
3 90
26 83
20 84
9 48
20 47
19 81
32 66
16 67
42 96
51 85
63 93
32 98
76 96
63 97
16 56
53 68
32 46
14 84
10 90
6 60
67 79
79 80
27 40
25 96
41 81
3 94
22 85
38 68
46 75
22 28
19 88
4 100
6 62
39 86
7 39
86 100
31 86
92 94
52 58
16 70
10 95
15 99
61 98
6 30
36 95
27 92
15 39
11 88
13 47
40 68
42 54
30 68
52 85
8 51
36 75
17 53
12 57
15 27
16 81
24 57
26 93
48 92
26 85
50 59
25 90
22 83
29 48
7 9
52 60
80 91
27 89
29 54
52 92
73 94
6 65
12 39
15 62
17 56
32 94
5 77
14 96
62 90
32 95
18 85
79 84
29 46
45 73
47 82
5 74
8 24
1 75
31 87
50 72
73 85
59 87
83 95
11 42
32 71
57 95
39 75
39 44
20 35
38 82
35 59
67 71
35 96
46 83
2 98
23 27
85 89
34 98
7 25
71 77
15 60
40 76
48 50
3 45
11 75
12 44
9 38
13 35
36 89
16 38
40 87
11 66
3 7
46 88
65 77
12 18
62 78
33 78
3 61
25 61
60 66
78 98
42 80
36 37
17 39
7 90
5 96
47 54
70 74
55 61
34 50
45 63
24 72
17 84
47 57
78 89
7 36
37 62
28 32
68 90
51 60
60 72
92 93
83 86
51 58
36 48
2 39
8 76
22 44
72 89
12 35
66 72
13 64
45 52
13 37
13 95
13 58
3 39
5 27
21 36
32 48
12 87
1 23
82 84
38 56
36 50
56 97
67 97
38 73
5 68
22 78
14 100
63 89
47 59
14 37
4 23
23 28
45 74
31 100
62 75
17 97
59 65
14 22
9 72
37 59
42 82
41 78
55 95
19 33
65 81
9 61
91 94
2 79
33 49
53 56
11 55
60 91
9 11
10 30
82 98
14 21
48 61
37 43
39 97
1 24
11 45
46 62
67 91
13 79
40 66
4 37
4 97
54 96
50 88
4 32
48 91
62 81
44 59
24 64
40 85
19 28
6 38
9 22
68 99
80 84
1 52
31 73
64 86
13 93
1 53
27 84
42 92
75 95
12 48
7 29
18 36
33 44
79 98
64 77
57 97
47 90
75 88
6 41
5 53
21 33
13 66
47 66
41 48
57 91
3 75
10 93
20 80
32 44
38 66
12 85
8 27
87 88
46 69
17 85
9 56
11 82
44 94
30 98
6 33
11 65
45 80
26 43
26 89
1 12
35 44
49 81
88 96
19 61
82 85
81 98
61 62
33 89
10 44
39 79
20 23
16 98
60 92
39 72
28 46
48 100
34 64
29 61
13 62
23 31
54 73
15 86
66 75
52 100
11 21
49 57
2 49
30 72
37 56
17 49
16 40
37 73
24 55
31 61
29 41
21 55
29 63
72 92
33 53
31 44
47 74
4 64
74 89
78 87
35 73
39 89
13 72
69 75
51 77
77 82
51 64
48 81
11 81
29 77
9 89
64 68
59 85
27 57
62 91
56 66
43 66
15 85
15 58
74 93
59 89
15 72
14 51
1 46
62 68
48 99
29 50
49 76
18 63
32 87
77 100
28 42
82 90
7 38
15 19
5 49
36 63
54 87
12 61
75 94
79 87
27 78
54 65
3 91
21 38
8 46
10 98
17 78
68 91
50 55
43 74
6 52
22 40
58 85
44 81
28 57
3 60
3 19
46 77
26 86
32 93
2 74
22 58
48 96
9 29
31 33
22 89
74 85
5 56
45 94
26 52
44 70
9 68
8 21
11 100
38 53
85 96
5 79
39 77
93 97
58 74
31 48
37 64
49 53
28 35
13 83
14 76
26 92
22 70
1 57
14 45
38 77
44 47
72 81
36 82
10 100
8 77
3 43
44 55
1 34
81 92
16 18
46 97
67 94
32 90
44 62
80 94
48 49
32 36
22 36
42 79
12 14
53 76
50 73
3 67
39 42
26 42
2 40
27 65
55 87
33 83
27 72
44 45
71 82
68 93
4 40
28 44
52 87
18 67
78 91
11 27
28 68
14 27
3 63
21 58
37 52
16 88
24 29
9 27
17 18
3 77
19 23
3 89
7 34
45 55
18 59
15 74
88 98
3 24
29 93
9 37
86 89
29 74
23 65
5 39
32 84
65 83
40 91
25 64
6 23
3 46
21 97
47 85
10 96
13 26
4 79
4 57
13 20
28 70
33 70
56 96
10 99
47 60
22 72
33 57
14 41
48 74
28 51
43 97
4 90
40 96
16 49
23 62
3 13
12 80
6 98
51 86
84 97
58 65
26 77
8 18
4 96
32 52
60 81
8 73
28 76
22 99
7 86
35 67
26 94
86 91
11 69
22 23
2 21
4 69
59 83
22 37
54 92
60 85
60 77
21 72
73 90
89 90
74 83
21 31
46 91
43 63
22 94
39 85
3 72
3 10
63 75
29 32
34 72
27 91
6 37
43 51
34 96
13 45
66 70
16 54
37 93
8 25
51 70
15 54
83 87
45 91
35 65
72 79
15 52
43 64
59 88
7 73
4 54
82 96
50 51
45 56
30 61
15 28
61 92
79 96
23 97
10 21
24 25
31 57
27 97
76 90
43 75
1 82
25 42
19 42
76 81
36 88
22 71
42 55
28 89
13 92
58 98
9 54
19 39
3 5
20 93
26 99
25 95
19 72
60 70
12 91
44 49
14 62
2 17
31 93
22 31
6 22
59 96
8 72
50 97
65 100
16 90
36 69
17 45
19 46
15 32
7 92
62 96
15 92
18 29
30 73
2 31
78 92
16 26
19 98
26 98
56 87
16 61
53 64
1 29
32 61
11 15
11 83
3 12
22 47
39 45
44 63
66 90
32 82
47 99
60 65
90 97
5 36
13 29
71 100
12 74
39 81
31 40
25 48
73 81
15 25
39 63
1 67
67 78
28 82
12 28
15 46
8 89
37 67
41 56
84 88
15 76
55 73
4 7
56 65
46 89
47 69
38 90
13 41
29 72
66 82
70 83
84 95
7 52
30 77
13 63
28 99
25 75
23 90
88 93
14 44
57 94
66 67
18 73
36 70
44 93
9 71
60 84
25 76
22 52
51 88
28 56
6 59
20 62
55 86
75 79
34 74
10 79
60 71
95 96
65 89
68 85
73 87
31 94
21 50
45 89
52 73
1 77
39 40
50 95
39 67
24 80
33 51
21 66
62 98
57 82
49 83
48 63
55 60
63 86
51 90
31 56
83 85
29 87
38 100
13 70
6 53
14 90
31 83
27 38
28 55
64 94
18 57
32 77
2 80
65 73
43 62
58 89
43 65
6 7
54 72
3 28
15 56
23 47
51 67
6 20
78 95
9 67
16 87
15 51
64 66
7 72
26 35
96 98
46 87
5 98
55 64
28 92
41 76
12 95
28 29
37 85
8 93
64 82
89 93
60 98
12 16
34 67
65 67
18 75
77 83
6 90
48 56
11 12
24 67
88 95
60 89
6 28
32 33
69 84
29 49
35 70
17 44
56 77
39 52
8 23
5 63
36 83
13 89
23 95
2 44
5 91
86 99
38 80
33 75
3 20
9 24
67 85
22 43
77 78
9 45
44 46
38 93
11 14
9 14
63 79
73 77
51 96
27 50
72 88
43 57
85 94
27 94
69 71
7 64
3 84
10 73
18 96
23 34
9 10
2 30
35 56
48 58
41 83
65 79
23 40
6 49
42 52
56 95
37 46
5 37
98 100
32 88
38 99
36 84
27 69
5 9
63 94
59 93
2 50
17 20
23 43
40 100
58 77
10 89
39 78
12 63
9 91
43 52
2 69
57 88
73 98
5 86
25 58
46 55
73 88
4 27
15 55
13 67
18 78
23 72
42 90
39 100
1 45
19 24
11 60
3 18
4 91
12 41
12 43
48 69
72 93
36 80
43 92
6 26
43 48
56 76
50 70
54 98
3 65
2 62
32 55
26 62
6 70
8 50
44 73
13 55
21 39
26 91
40 69
1 55
85 91
30 92
56 80
21 70
61 78
4 45
6 24
70 82
22 60
61 80
5 43
52 78
50 68
4 5
11 80
52 64
22 65
19 59
19 76
68 95
1 7
55 59
33 77
6 29
3 34
41 66
9 50
49 99
38 44
2 54
56 58
33 74
40 42
41 63
21 83
27 87
18 50
43 99
21 94
88 90
4 72
49 93
58 92
37 47
29 90
47 81
2 37
83 92
30 32
63 77
4 30
40 41
82 87
41 45
13 24
25 63
50 74
20 81
36 71
20 99
91 99
34 63
27 59
20 73
73 93
6 47
9 35
28 96
20 86
41 54
11 22
2 18
25 30
10 25
40 79
66 80
74 100
51 71
52 54
49 63
58 93
41 51
4 82
11 93
39 61
27 58
38 83
35 38
18 42
20 46
6 96
40 84
19 79
33 58
57 93
45 82
15 48
5 80
29 30
12 82
87 95
55 77
34 75
44 82
16 34
25 52
19 97
28 61
10 47
3 96
33 64
4 41
9 23
92 98
16 42
20 22
21 57
18 69
25 44
39 83
32 47
64 96
20 60
24 52
2 33
76 99
3 32
20 95
8 47
52 59
85 97
80 89
43 78
9 16
63 65
4 87
32 45
1 3
1 84
60 94
79 82
20 34
87 99
73 99
22 24
8 70
15 79
7 20
37 87
16 25
22 56
19 30
55 97
11 16
73 83
19 67
16 23
10 24
11 28
63 95
58 66
21 32
46 65
9 99
80 92
16 45
36 94
19 48
58 72
12 36
1 32
67 68
17 34
42 60
1 92
35 89
13 43
11 76
28 48
34 77
16 96
22 92
31 64
58 86
63 91
17 68
35 46
38 57
44 58
40 44
60 80
29 64
26 56
53 66
3 85
55 75
15 67
62 66
27 55
68 80
23 69
46 49
69 93
57 87
16 30
54 69
58 91
38 62
34 71
14 71
29 51
68 87
14 59
83 97
12 86
14 88
60 86
58 100
52 69
44 87
63 88
9 15
66 71
23 73
1 35
2 100
30 83
25 81
1 36
45 57
1 13
95 100
47 84
3 83
12 26
64 69
72 73
45 85
20 65
17 62
14 26
13 68
2 71
45 58
61 63
33 90
22 42
52 76
6 64
14 63
40 47
33 43
2 23
19 83
71 73
12 22
68 84
19 77
6 99
24 42
51 62
14 52
33 66
2 66
7 67
15 77
3 88
15 35
75 98
89 98
66 69
53 91
3 29
29 89
49 79
33 62
56 69
38 70
14 46
27 45
59 95
46 47
5 40
9 96
60 95
13 87
7 61
25 66
53 81
31 49
67 92
13 44
16 20
25 29
77 99
17 83
9 57
3 47
7 43
53 95
69 85
8 33
7 50
7 57
36 67
5 59
1 40
4 68
10 40
100 1000
0 1 1 1 0 0 0 0 1 0 0 1 1 1 1 1 0 0 0 1 1 1 0 1 0 1 1 1 0 0 0 0 0 1 1 1 0 0 1 0 1 1 0 1 0 1 0 1 1 0 1 0 1 1 0 0 1 0 0 0 1 1 0 1 1 1 1 0 0 0 0 0 0 0 0 1 0 1 1 0 0 1 1 0 1 1 1 1 1 0 1 1 0 0 0 1 0 1 1 0
17 25
29 56
86 92
50 98
1 14
17 81
5 89
68 99
36 74
37 64
35 90
32 88
10 40
51 82
75 86
10 12
70 89
14 31
19 43
67 68
5 21
17 23
32 37
13 73
27 84
32 75
14 26
66 68
36 40
49 57
39 75
21 23
53 85
56 97
6 74
47 70
48 59
28 63
15 69
42 64
19 90
26 38
33 51
18 55
66 100
30 71
88 91
20 71
9 51
26 83
13 63
45 70
2 25
62 100
40 98
30 66
11 66
7 27
71 74
52 90
1 32
12 23
39 43
22 81
48 63
3 64
73 97
9 61
74 76
63 71
16 99
33 56
47 64
48 90
20 95
20 91
64 68
89 99
21 59
2 68
5 12
58 97
69 73
4 87
42 87
68 76
40 42
33 63
72 84
24 30
60 89
38 100
16 97
36 45
3 66
25 91
20 66
31 99
16 74
2 8
59 98
89 94
83 86
98 100
47 58
39 41
1 99
2 13
39 93
30 44
88 99
17 62
10 18
51 62
41 56
75 79
5 48
73 81
29 34
10 81
37 63
51 89
19 37
30 73
53 55
59 96
47 66
23 46
66 85
13 43
61 78
81 86
77 90
10 68
51 54
63 82
33 44
21 95
15 40
12 17
42 68
57 82
18 78
62 63
13 80
7 98
5 40
46 65
49 90
11 74
86 87
72 74
63 76
6 56
26 87
17 65
32 60
13 72
20 83
5 35
77 85
18 77
58 98
34 86
17 54
48 87
79 83
25 59
54 81
62 88
22 71
74 80
77 89
75 95
48 60
65 82
50 80
17 59
25 85
19 59
54 82
62 77
50 58
31 69
9 17
61 76
22 83
54 74
25 34
61 79
68 74
79 82
36 48
34 62
13 38
39 82
60 71
35 91
52 68
62 68
29 40
51 97
58 100
27 61
1 57
19 84
7 40
21 89
54 75
10 65
66 82
31 94
32 71
49 69
77 100
25 64
13 14
2 76
9 11
56 74
4 50
44 94
33 66
42 57
9 95
41 61
12 62
17 71
49 83
84 89
24 87
42 73
40 64
11 36
40 46
94 96
71 93
63 92
87 99
18 98
11 70
58 94
90 94
76 77
43 100
47 65
3 7
1 2
21 37
1 70
2 33
75 94
15 64
12 81
14 56
28 60
35 82
21 84
14 77
59 78
6 59
35 75
38 54
7 36
4 62
35 77
43 65
39 59
4 84
44 58
2 57
63 83
7 21
13 68
19 54
12 65
38 94
56 88
5 66
41 92
26 85
44 64
20 68
7 34
12 90
3 82
55 71
81 91
75 83
7 94
56 63
45 82
22 92
26 77
57 92
32 87
66 93
7 33
20 50
10 54
52 98
22 85
3 21
14 24
1 85
18 67
16 19
50 74
68 85
13 78
17 74
21 96
69 94
11 58
10 53
7 56
71 91
57 64
83 89
18 87
43 66
32 63
18 46
12 43
3 5
49 53
27 59
38 99
65 84
25 32
3 76
34 70
8 23
9 86
4 5
7 67
36 62
9 23
8 15
61 99
34 41
14 55
27 47
40 88
2 92
19 39
19 82
43 69
7 44
50 66
3 74
6 70
17 48
20 84
9 81
34 94
11 87
12 87
43 57
7 57
11 40
40 80
45 67
64 79
59 77
75 99
76 80
90 92
40 94
21 98
52 71
22 47
18 32
17 89
62 70
20 97
30 83
1 98
24 60
17 85
52 84
26 76
41 52
19 95
36 59
42 67
11 16
69 85
8 41
66 77
42 82
29 86
49 66
35 48
27 76
15 73
30 91
25 84
48 88
33 41
45 88
42 97
33 34
47 68
39 60
63 96
26 55
1 58
1 3
43 79
7 85
54 80
96 100
23 90
49 92
69 75
89 98
33 89
80 85
16 100
65 76
1 48
24 57
22 88
64 95
28 81
48 62
71 89
52 82
35 72
1 29
23 93
47 69
6 18
39 99
32 59
74 84
74 96
6 53
18 50
10 74
79 87
48 69
40 65
1 4
79 84
20 40
27 51
22 52
20 52
60 82
79 94
25 70
44 60
47 91
32 68
33 49
43 85
2 56
16 61
87 94
5 26
24 40
30 48
4 24
33 70
59 90
14 63
26 32
40 45
61 86
72 85
3 34
29 71
19 86
50 56
1 15
17 75
71 92
39 62
27 89
8 85
7 29
33 79
41 96
21 32
23 74
8 14
55 67
54 58
15 38
16 20
35 52
9 58
22 42
14 58
36 78
13 17
39 81
79 90
62 97
23 71
44 73
34 65
34 35
81 99
7 60
13 58
6 57
38 77
20 89
34 67
49 52
41 84
24 54
39 80
70 84
35 96
7 42
19 25
18 22
44 50
33 35
24 79
2 50
71 77
4 66
26 62
43 73
67 72
7 9
7 13
1 94
13 20
2 17
86 90
9 31
12 39
71 94
64 88
24 90
20 69
18 79
58 78
38 62
20 41
8 95
9 85
68 89
13 100
26 96
15 50
10 24
82 85
4 99
15 75
9 57
56 61
11 24
10 60
6 12
11 38
22 25
40 52
24 49
28 95
13 33
17 60
15 56
33 48
72 87
10 61
17 27
83 94
5 13
14 78
65 93
21 79
79 80
55 78
69 95
50 86
48 75
81 100
65 80
45 83
6 28
67 74
69 84
16 83
64 87
22 27
7 39
2 40
46 70
52 61
80 90
40 66
15 97
41 72
60 73
58 91
81 85
65 98
78 79
9 14
39 51
23 70
14 18
13 34
9 93
1 89
6 20
9 45
65 91
62 91
69 80
16 32
16 69
34 59
10 44
7 96
33 54
48 70
34 84
1 47
30 59
67 75
2 44
15 25
52 56
3 69
36 56
13 87
17 86
53 97
47 77
15 18
42 51
17 57
4 22
68 80
1 90
6 81
52 76
81 87
18 76
3 61
27 67
17 34
22 26
66 86
6 52
55 75
87 90
16 94
7 58
1 26
70 99
38 71
94 97
7 91
18 83
59 73
13 84
6 98
22 30
50 55
38 72
62 98
32 54
64 71
42 75
11 91
30 57
1 73
36 38
53 68
11 27
23 29
11 20
32 43
81 93
15 88
68 90
43 54
5 73
63 79
66 95
12 26
27 81
5 77
16 33
51 52
13 70
83 97
7 26
11 34
32 34
44 70
27 40
35 67
42 83
74 79
7 12
26 33
16 62
8 66
8 67
22 94
15 68
51 99
3 12
30 85
35 36
32 97
72 83
59 80
40 99
48 100
55 63
80 87
21 85
35 38
12 55
11 46
48 95
38 84
68 84
58 92
22 76
64 100
43 60
8 27
87 97
27 72
80 97
6 51
26 29
24 98
23 100
7 50
92 94
54 89
47 99
53 65
12 91
61 84
65 72
34 54
91 99
35 54
22 62
69 96
22 87
59 100
40 81
34 90
21 29
13 98
46 91
79 96
39 79
57 69
75 91
23 27
73 79
50 88
9 41
32 41
41 48
63 75
19 72
6 78
52 100
23 88
51 90
77 79
49 62
9 75
6 26
16 68
9 77
30 35
49 79
21 34
23 64
69 92
37 43
44 96
70 83
40 91
15 84
16 60
24 62
15 35
49 60
4 64
90 96
44 67
17 61
13 93
4 45
38 85
9 73
35 57
21 88
20 46
57 77
63 67
78 80
24 41
57 84
37 42
3 17
28 55
3 72
47 86
42 85
28 31
57 74
6 8
45 57
9 63
16 75
2 6
24 68
77 92
52 60
82 92
30 41
22 57
32 73
71 85
77 97
57 62
54 65
78 81
4 53
25 51
75 90
56 93
56 79
17 55
5 25
63 93
79 98
60 64
21 36
16 70
94 98
23 48
26 89
36 88
15 27
65 77
12 45
57 59
16 30
54 67
21 66
46 85
25 88
2 48
24 77
13 31
39 92
29 94
24 55
58 71
23 41
12 33
9 71
64 93
14 30
75 78
4 71
8 10
73 85
17 32
57 93
32 46
36 83
40 68
55 84
7 45
35 47
17 22
6 47
77 80
11 28
53 67
65 74
48 68
66 74
67 98
16 67
44 92
71 99
60 83
54 68
61 68
69 87
26 54
37 78
67 80
71 95
65 68
27 43
54 91
15 59
39 94
57 96
92 99
4 39
70 87
9 80
10 25
11 45
4 79
92 100
17 19
29 38
40 96
72 78
24 67
13 99
76 78
3 10
6 91
24 47
63 95
87 91
27 79
16 84
13 16
3 96
9 10
2 5
26 78
41 50
17 77
27 58
9 100
17 26
40 97
59 65
56 72
75 98
12 15
47 78
21 76
74 99
10 90
62 64
37 66
39 71
56 86
47 75
3 88
42 54
27 94
9 35
30 94
49 75
5 82
6 71
51 73
55 56
15 37
42 78
2 41
14 70
59 70
45 78
53 80
13 91
6 34
84 94
33 52
20 38
9 89
46 56
9 30
39 49
58 89
12 46
19 97
45 51
24 72
47 62
7 17
37 77
54 100
24 93
46 77
15 46
47 56
30 65
34 51
100 1000
0 1 1 0 0 1 1 0 0 0 0 1 1 0 0 0 1 1 1 1 1 1 0 1 0 0 0 0 1 1 1 1 0 1 1 1 1 1 1 0 0 1 1 1 0 0 0 1 0 0 0 1 1 0 0 1 1 1 0 0 1 0 0 1 1 1 1 0 1 0 1 0 0 0 0 1 0 0 1 0 0 1 0 1 1 1 1 0 1 1 1 0 0 1 0 1 0 0 0 1
44 65
66 80
18 47
38 63
35 63
28 71
12 30
27 99
21 36
22 25
92 95
29 88
72 100
27 61
42 48
6 30
29 71
60 76
64 99
3 66
24 100
21 43
38 79
78 86
59 77
17 70
21 78
10 33
48 68
4 12
49 82
38 95
70 81
79 95
67 82
26 44
59 65
52 69
67 83
3 28
63 70
3 63
25 63
68 94
16 62
17 75
4 51
15 41
9 28
76 84
71 82
62 85
3 10
58 98
69 77
37 77
32 75
29 44
26 85
97 98
29 70
26 73
16 69
42 64
56 83
1 6
12 83
11 47
12 20
23 29
21 40
20 87
50 87
14 93
33 72
74 88
2 4
13 93
7 33
8 76
13 85
82 100
49 97
16 78
5 47
10 24
57 84
81 99
14 24
60 79
18 77
33 40
81 91
9 74
35 38
13 54
33 66
76 82
41 79
42 76
33 42
8 13
45 91
13 33
45 54
30 42
3 46
25 55
35 45
82 96
11 44
40 95
37 70
63 76
1 34
28 87
44 53
43 74
34 100
61 76
59 64
68 74
75 91
85 96
52 100
84 94
23 77
46 94
17 90
6 98
60 80
3 83
32 96
10 61
5 7
77 86
3 54
2 28
38 99
12 25
77 80
15 31
88 89
11 79
4 9
1 95
3 73
12 86
25 39
21 75
30 75
20 33
11 57
60 95
49 78
41 75
6 86
10 97
59 91
23 66
63 98
52 80
30 66
2 37
5 56
36 100
7 70
31 78
42 45
43 66
35 42
58 94
63 67
60 67
38 90
13 99
38 50
41 100
41 96
34 89
33 46
78 85
65 69
10 48
56 70
72 98
1 98
2 8
47 50
62 94
19 89
16 21
12 15
80 88
2 17
28 73
24 34
45 97
64 80
16 42
26 61
11 66
61 79
28 91
3 17
73 90
5 9
10 12
17 55
51 87
70 77
25 72
3 27
5 68
29 51
94 100
27 98
28 58
2 9
21 60
2 38
74 83
22 97
51 60
27 59
13 71
5 21
1 45
49 72
37 69
44 60
84 88
7 25
61 90
20 25
69 99
1 58
45 48
39 82
8 93
20 45
23 93
32 64
64 96
7 73
28 37
2 74
1 35
63 79
50 95
65 76
34 68
78 89
20 63
5 33
41 71
78 90
32 98
37 76
1 91
82 93
31 97
47 57
8 78
20 93
25 78
34 92
68 84
3 47
56 79
71 85
37 74
61 77
7 78
59 92
63 77
30 94
47 95
6 60
44 78
41 43
12 69
61 82
13 29
27 47
7 38
4 73
3 40
6 29
15 53
70 96
50 63
62 96
29 32
33 78
44 85
46 96
37 57
56 61
88 97
59 84
37 83
14 58
47 64
11 21
8 12
7 57
37 55
91 96
66 85
53 80
68 97
69 98
55 75
23 34
18 66
21 81
88 91
13 58
44 71
79 89
36 63
9 22
21 30
36 85
24 69
65 90
1 78
25 81
9 70
6 51
31 59
3 11
37 82
95 100
73 76
24 68
78 84
10 65
2 10
25 34
70 88
12 66
35 59
18 31
68 81
7 28
31 55
2 43
69 71
50 91
45 51
36 88
15 29
38 83
36 94
71 76
19 20
19 57
24 71
2 51
62 93
36 97
20 68
8 22
32 44
36 60
53 70
92 98
64 91
87 91
28 34
15 63
13 79
52 76
73 81
19 77
33 65
61 62
84 85
8 61
50 86
38 51
45 82
11 23
19 96
7 98
52 98
43 81
42 69
4 13
55 79
30 73
4 87
17 73
45 73
7 47
32 82
9 73
26 62
35 81
4 16
13 15
28 30
6 48
3 62
1 73
5 90
45 71
21 59
53 83
26 87
26 83
2 52
29 87
27 41
28 55
33 93
7 100
2 71
23 69
3 59
23 33
28 93
39 50
45 83
19 27
24 44
12 81
70 71
20 28
1 3
17 79
60 64
90 94
10 27
35 60
34 65
72 76
24 55
12 68
46 85
83 99
53 57
60 71
11 84
33 60
55 58
80 95
24 98
1 43
6 55
43 100
16 66
9 18
65 75
9 94
32 65
6 25
18 44
32 72
12 74
25 74
15 67
18 63
43 87
4 23
64 68
10 70
42 63
40 51
19 45
38 62
48 94
36 44
34 41
54 75
34 76
31 94
30 59
31 67
9 90
50 57
45 60
34 40
13 67
18 28
17 57
12 33
47 60
79 100
16 49
57 73
41 93
74 92
33 98
53 68
21 42
66 74
27 38
4 89
1 2
17 53
81 86
34 47
5 38
54 79
8 19
54 86
80 87
8 39
21 62
17 69
1 8
79 81
82 83
12 24
11 52
39 86
62 90
45 84
37 41
21 61
5 34
28 83
68 80
17 99
58 64
71 98
58 69
17 48
15 45
16 35
37 47
10 67
66 98
46 99
61 85
57 67
16 58
82 99
15 51
68 99
19 30
34 44
4 25
11 100
30 86
14 40
10 64
30 81
13 46
14 37
56 87
84 96
15 47
50 59
66 96
25 50
51 91
18 68
55 90
7 79
24 42
10 93
20 73
17 49
70 86
83 86
8 21
22 38
17 78
27 84
66 89
12 100
40 58
2 87
42 81
24 79
45 75
53 99
8 34
2 57
10 42
25 98
50 67
22 54
29 59
12 23
53 58
56 75
34 63
29 62
8 14
73 89
55 60
14 96
2 76
13 39
32 60
86 97
27 44
25 52
82 90
10 74
72 99
51 95
20 70
49 98
47 78
86 90
24 90
39 84
61 92
28 68
57 95
4 20
14 25
15 71
63 94
87 94
59 78
31 38
7 51
47 65
74 82
25 38
26 91
16 23
17 23
26 74
47 74
68 98
50 89
4 39
43 47
62 66
48 77
17 76
16 90
14 100
8 29
53 66
30 62
87 97
18 20
11 95
32 46
75 98
49 88
4 84
10 78
25 71
49 55
26 98
41 76
35 41
49 74
7 8
24 99
44 83
23 37
5 79
55 64
38 49
73 79
46 92
32 78
24 93
47 55
18 97
49 87
55 66
63 85
37 78
24 74
13 72
37 81
3 39
62 89
82 97
38 73
75 97
22 42
21 92
85 88
1 11
85 92
28 98
41 47
53 67
11 41
5 57
30 93
12 40
58 71
11 98
18 45
24 89
9 36
40 43
9 20
15 79
65 78
54 61
7 52
4 62
80 86
24 61
61 63
20 52
39 71
80 94
32 88
54 68
61 67
18 27
70 99
33 70
55 82
16 19
19 61
64 77
11 73
4 18
53 79
28 61
2 98
10 26
5 60
30 79
18 74
41 73
59 70
49 81
70 74
3 90
12 53
46 61
26 65
12 73
8 77
9 58
22 56
9 83
29 78
43 78
19 34
27 89
2 68
17 60
21 23
70 90
40 61
81 82
65 80
20 22
2 32
16 96
73 100
72 93
21 26
25 90
13 30
12 46
64 92
46 73
13 17
45 93
17 81
18 95
45 52
70 84
60 82
21 68
17 82
2 89
26 96
1 12
64 97
48 76
21 39
23 76
58 76
53 98
24 87
32 85
28 56
72 73
53 75
25 94
18 73
23 81
9 72
28 90
64 98
8 56
41 66
61 78
17 29
9 75
33 48
57 92
42 59
5 17
66 83
44 94
16 20
3 34
74 95
48 81
58 65
2 88
8 87
57 90
49 59
62 97
45 61
33 94
14 97
5 6
46 90
4 56
80 92
19 67
77 81
5 20
44 98
20 88
49 68
19 90
33 39
45 85
14 46
22 33
49 76
88 99
1 72
28 78
55 76
2 14
16 98
14 75
21 87
2 46
72 89
58 59
37 56
26 36
16 83
19 71
7 16
6 99
53 82
23 48
12 61
31 76
31 37
8 27
28 49
31 64
47 67
34 45
35 65
9 17
56 59
9 64
2 5
45 47
39 44
36 72
47 49
41 48
47 51
56 92
20 39
35 62
46 56
31 87
6 34
42 92
14 73
50 94
34 78
17 18
16 31
12 50
28 59
31 51
59 83
41 84
12 19
18 34
34 46
14 39
45 70
37 95
8 88
39 49
60 73
58 96
58 100
2 90
54 92
12 14
63 99
10 38
94 98
65 73
18 87
11 55
51 73
85 87
43 93
5 32
19 56
12 77
7 85
18 52
2 61
76 92
23 36
41 65
25 57
59 88
21 69
46 88
11 54
10 41
83 85
9 26
18 26
1 53
29 64
27 91
20 21
75 88
26 54
13 88
18 37
52 63
11 53
50 68
27 30
20 84
32 97
17 37
14 32
67 88
13 53
40 44
33 91
5 76
42 93
42 56
20 86
13 32
68 83
50 98
13 95
31 53
61 81
39 56
7 60
41 70
34 86
55 57
60 63
16 44
49 73
40 83
16 61
78 95
83 100
47 70
50 69
90 95
62 63
48 67
11 85
18 46
14 53
93 96
22 30
51 53
12 32
31 80
45 57
6 49
89 98
9 77
79 82
39 55
15 16
35 84
42 97
7 80
9 55
2 62
1 56
100 441
1 0 0 1 1 1 1 1 1 1 1 1 1 0 1 0 0 0 1 1 0 1 0 1 0 1 0 1 0 1 0 1 0 1 0 1 0 1 0 1 0 1 0 1 0 1 0 1 0 1 0 1 0 1 0 1 0 1 0 1 0 1 0 1 0 1 0 1 0 1 0 1 0 1 0 1 0 1 0 1 0 1 1 0 1 0 1 0 0 0 1 1 0 0 0 1 0 0 1 0
30 31
2 9
11 19
42 43
85 92
86 92
91 92
1 16
7 16
5 15
59 60
74 75
4 6
4 19
6 13
2 5
6 20
10 12
47 48
2 16
4 16
95 100
4 18
82 89
90 98
83 96
11 15
88 89
81 86
4 12
83 86
90 94
10 18
2 19
82 97
9 15
73 74
97 99
8 19
11 12
3 17
94 100
43 44
93 96
85 97
13 18
89 95
3 5
7 17
26 27
69 70
64 65
85 94
6 15
89 92
84 98
50 51
96 100
95 96
4 15
94 95
7 19
12 14
84 86
3 19
95 97
79 80
9 12
15 19
97 100
83 89
24 25
5 19
82 96
2 7
91 96
1 7
3 18
83 87
82 86
81 88
16 20
84 99
83 91
28 29
7 11
55 56
81 95
70 71
82 95
1 12
68 69
2 6
11 17
35 36
4 8
90 91
22 23
8 14
2 4
1 8
57 58
84 94
12 17
1 4
3 16
34 35
45 46
93 100
9 17
2 13
86 93
89 90
93 95
6 8
83 85
92 97
81 92
4 10
6 11
10 13
2 3
89 99
86 94
14 17
2 17
12 16
88 90
32 33
41 42
5 20
81 98
92 95
14 16
15 18
3 11
4 13
96 98
6 12
25 26
13 20
66 67
14 15
13 16
90 96
84 96
82 87
89 96
88 97
7 20
16 18
4 7
1 17
5 13
14 19
8 15
4 20
12 19
82 84
6 18
7 8
17 18
83 100
7 14
83 99
83 94
18 20
7 13
87 96
85 98
8 11
92 100
88 96
46 47
7 18
93 98
78 79
11 13
11 18
80 81
4 14
95 98
87 95
9 13
82 88
7 10
85 91
88 98
38 39
84 93
3 8
85 86
86 87
37 38
87 99
27 28
3 13
15 20
81 85
5 17
1 3
5 7
92 98
85 96
6 9
6 16
36 37
72 73
60 61
85 87
9 16
8 12
49 50
86 100
11 20
7 15
83 90
87 91
85 93
1 2
61 62
84 89
15 16
6 19
94 96
85 100
87 93
20 21
15 17
98 99
88 95
7 9
3 10
94 97
10 11
4 17
84 97
85 90
88 94
9 14
88 91
81 87
82 94
3 14
5 11
8 9
5 10
84 90
53 54
5 12
6 10
89 93
5 18
87 94
14 18
93 99
84 87
82 92
85 99
54 55
91 100
5 6
1 6
1 15
10 19
3 9
10 15
81 100
8 10
58 59
82 99
85 95
81 93
5 9
13 14
86 89
33 34
93 94
9 19
87 89
1 20
84 100
6 17
97 98
81 91
91 95
29 30
82 98
93 97
48 49
86 88
83 84
10 14
90 95
1 9
21 22
8 18
91 93
16 17
91 94
84 88
89 97
17 19
10 17
51 52
84 92
63 64
86 98
81 89
88 100
12 15
90 100
92 93
81 99
86 99
88 93
86 95
83 95
99 100
90 93
81 84
2 15
13 15
83 97
71 72
96 99
84 95
16 19
81 96
87 88
88 99
2 14
5 8
9 10
19 20
85 89
1 18
12 13
2 10
83 92
11 16
2 20
44 45
82 85
10 20
23 24
90 97
3 12
11 14
81 97
67 68
91 98
10 16
91 97
90 92
75 76
87 100
14 20
84 85
77 78
81 94
8 13
2 18
13 19
81 82
89 94
83 88
81 83
2 8
83 98
13 17
9 18
3 7
4 9
6 7
8 17
82 90
12 20
6 14
86 91
89 91
1 11
1 5
3 4
8 16
82 100
82 91
18 19
5 14
92 99
3 20
88 92
86 96
65 66
40 41
89 100
62 63
1 10
87 98
5 16
94 98
91 99
90 99
12 18
52 53
82 93
92 94
1 14
89 98
98 100
2 11
3 6
9 20
31 32
1 13
56 57
86 97
92 96
3 15
84 91
17 20
81 90
85 88
95 99
1 19
8 20
94 99
7 12
4 11
4 5
2 12
9 11
87 90
39 40
87 92
82 83
96 97
76 77
86 90
87 97
83 93
100 317
0 0 1 1 0 1 1 0 1 1 1 0 1 1 0 1 0 1 0 1 0 1 0 1 0 1 0 1 0 1 0 1 0 1 0 1 0 1 0 1 0 1 0 1 0 1 0 1 1 0 0 0 1 1 0 1 0 1 0 1 0 1 0 1 0 1 0 1 0 1 0 1 0 1 0 1 0 1 0 1 0 1 0 1 0 1 0 1 1 0 1 1 1 0 0 0 1 1 0 0
20 21
59 60
89 99
98 99
49 50
3 6
91 94
89 93
88 99
87 95
3 5
29 30
92 94
11 15
56 57
92 100
46 49
3 15
50 51
91 98
35 36
92 93
2 14
48 55
88 94
60 61
94 100
87 96
27 28
5 8
95 98
88 89
90 94
1 2
88 95
49 51
66 67
30 31
3 11
47 54
76 77
87 97
91 97
3 13
73 74
3 12
4 10
86 90
91 96
86 91
88 90
47 50
61 62
94 95
92 98
42 43
1 9
21 22
89 97
46 48
47 51
3 14
1 8
13 14
3 9
92 95
12 14
79 80
11 13
40 41
2 9
98 100
10 15
68 69
77 78
80 81
7 10
4 7
4 15
25 26
43 44
47 52
74 75
4 8
47 48
51 53
87 89
86 92
5 13
57 58
39 40
34 35
88 91
1 5
6 13
6 14
49 54
13 15
2 7
23 24
16 17
65 66
48 49
89 92
54 55
10 11
44 45
87 93
24 25
41 42
11 14
7 11
90 96
1 6
31 32
28 29
4 6
4 12
10 14
89 91
2 11
87 92
7 8
2 8
1 12
5 12
87 88
4 11
86 94
67 68
88 98
1 10
93 98
46 52
89 94
94 99
90 100
8 10
4 9
2 15
86 97
9 13
8 12
3 4
2 10
11 12
37 38
18 19
33 34
2 4
7 9
88 93
92 96
1 11
93 96
4 13
5 7
5 15
6 8
9 14
9 12
87 98
86 99
75 76
2 13
48 53
92 99
88 100
90 98
7 14
46 55
91 92
1 3
78 79
90 91
2 12
55 56
94 97
32 33
2 5
87 90
81 82
88 92
48 50
86 89
47 53
8 9
89 96
5 11
91 93
87 91
83 84
48 51
2 6
93 94
93 95
90 99
7 15
95 97
48 52
58 59
47 49
8 15
36 37
1 7
88 96
93 100
50 53
89 95
3 8
6 15
1 15
12 15
91 95
50 52
3 7
51 52
91 99
8 11
46 47
1 4
93 99
64 65
95 96
49 52
52 53
97 99
48 54
14 15
6 10
85 86
89 100
12 13
5 9
90 93
99 100
2 3
52 55
71 72
10 12
5 14
91 100
5 6
53 54
96 99
97 100
82 83
50 55
86 100
86 93
6 12
22 23
49 55
46 54
9 11
38 39
1 14
52 54
86 98
9 10
5 10
7 12
6 9
89 98
4 5
63 64
92 97
51 55
87 94
6 7
95 100
89 90
19 20
96 97
3 10
62 63
45 46
49 53
90 95
53 55
46 50
94 98
72 73
26 27
87 100
9 15
4 14
47 55
86 96
69 70
96 98
46 53
1 13
51 54
50 54
15 16
90 97
10 13
90 92
97 98
86 87
7 13
96 100
93 97
17 18
95 99
8 14
46 51
70 71
8 13
88 97
86 95
94 96
87 99
84 85
6 11
86 88
97 278
1 0 0 0 0 1 1 0 1 1 0 1 1 0 0 1 0 1 0 1 0 1 0 1 0 1 0 1 0 1 0 1 0 1 0 1 0 1 0 1 0 1 0 1 0 0 0 1 0 0 0 1 1 1 0 1 0 1 0 1 0 1 0 1 0 1 0 1 0 1 0 1 0 1 0 1 0 1 0 1 0 1 0 1 0 0 0 1 0 0 0 0 1 1 1 1 0
1 15
52 53
1 13
6 12
7 15
23 24
72 73
1 6
35 36
67 68
88 89
88 97
87 96
4 5
9 11
88 93
83 84
87 88
90 97
54 55
7 12
87 95
10 11
5 9
1 7
61 62
9 12
49 50
8 15
89 95
51 52
14 15
82 83
38 39
49 54
46 51
9 14
20 21
4 7
36 37
68 69
53 54
77 78
41 42
50 52
10 14
43 44
58 59
55 56
78 79
93 95
88 91
2 10
3 14
4 12
27 28
7 9
86 87
93 94
53 55
51 54
89 93
86 97
90 91
39 40
17 18
10 12
70 71
48 50
4 11
40 41
7 11
37 38
10 13
92 96
22 23
91 94
92 94
87 92
93 96
46 48
47 51
2 14
6 8
4 9
87 94
11 13
46 49
18 19
48 54
89 91
89 96
47 52
63 64
1 8
1 14
44 45
62 63
4 15
6 10
93 97
9 13
80 81
79 80
4 6
88 90
59 60
51 53
92 93
2 13
1 2
49 55
5 6
7 13
52 54
90 93
5 7
49 52
86 89
19 20
48 49
28 29
92 95
75 76
2 15
87 89
46 54
3 9
46 53
25 26
92 97
5 10
88 94
52 55
50 51
9 10
12 15
71 72
47 55
3 15
87 97
13 14
12 13
87 91
1 12
4 14
57 58
5 11
65 66
48 51
1 11
4 13
3 6
33 34
46 47
47 48
2 11
49 53
46 50
10 15
89 94
74 75
50 55
3 5
2 9
86 91
49 51
1 5
2 7
32 33
2 6
26 27
48 55
1 10
86 93
7 8
51 55
4 10
73 74
90 95
4 8
96 97
86 90
2 3
50 54
8 10
42 43
6 11
2 12
2 8
47 53
88 92
56 57
47 49
3 11
45 46
9 15
91 92
91 97
91 95
90 92
85 86
94 96
7 14
11 12
21 22
13 15
60 61
5 14
46 52
76 77
50 53
87 93
81 82
86 96
2 4
12 14
91 96
29 30
3 7
88 95
86 94
90 96
8 14
47 54
6 13
69 70
3 13
34 35
7 10
89 90
5 12
15 16
5 15
1 4
24 25
87 90
11 14
3 12
88 96
8 12
8 13
11 15
89 97
94 97
46 55
6 7
8 9
3 10
1 3
48 52
84 85
31 32
3 4
66 67
89 92
6 14
95 97
6 9
47 50
94 95
91 93
6 15
90 94
5 13
48 53
8 11
16 17
95 96
1 9
3 8
86 88
64 65
2 5
30 31
86 92
5 8
86 95
8 8
0 1 0 1 0 1 0 1
1 2
2 3
3 4
4 5
5 6
6 7
7 8
1 8
7 7
0 1 0 1 0 1 0
1 2
2 3
3 4
4 5
5 6
6 7
1 7
6 6
0 1 0 1 0 1
1 2
2 3
3 4
4 5
5 6
1 6
5 5
1 0 1 0 1
2 3
4 5
1 5
1 2
3 4
6 7
1 0 1 0 1 0
1 2
1 6
1 4
2 3
3 4
4 5
5 6
5 5
1 0 1 0 1
1 3
1 4
2 4
2 5
3 5
5 10
0 1 0 1 0
1 2
1 3
1 4
1 5
2 3
2 4
2 5
3 4
3 5
4 5
16 16
0 0 1 1 0 1 0 1 0 0 1 1 0 1 0 1
1 2
2 3
3 4
4 5
5 6
6 7
7 8
8 9
9 10
10 11
11 12
12 13
13 14
14 15
15 16
1 16
5 10
0 1 0 1 0
1 2
1 3
1 4
1 5
2 3
2 4
2 5
3 4
3 5
4 5
6 5
0 1 0 0 1 0
1 2
2 3
3 4
4 5
5 6
8 16
0 0 1 1 0 1 0 1
1 5
1 6
1 7
1 8
2 5
2 6
2 7
2 8
3 5
3 6
3 7
3 8
4 5
4 6
4 7
4 8
100 100
0 1 0 1 0 1 0 1 0 1 0 1 0 1 0 1 0 1 0 1 0 1 0 1 0 1 0 1 0 1 0 1 0 1 0 1 0 1 0 1 0 1 0 1 0 1 0 1 0 1 0 1 0 1 0 1 0 1 0 1 0 1 0 1 0 1 0 1 0 1 0 1 0 1 0 1 0 1 0 1 0 1 0 1 0 1 0 1 0 1 0 1 0 1 0 1 0 1 0 1
1 2
2 3
3 4
4 5
5 6
6 7
7 8
8 9
9 10
10 11
11 12
12 13
13 14
14 15
15 16
16 17
17 18
18 19
19 20
20 21
21 22
22 23
23 24
24 25
25 26
26 27
27 28
28 29
29 30
30 31
31 32
32 33
33 34
34 35
35 36
36 37
37 38
38 39
39 40
40 41
41 42
42 43
43 44
44 45
45 46
46 47
47 48
48 49
49 50
50 51
51 52
52 53
53 54
54 55
55 56
56 57
57 58
58 59
59 60
60 61
61 62
62 63
63 64
64 65
65 66
66 67
67 68
68 69
69 70
70 71
71 72
72 73
73 74
74 75
75 76
76 77
77 78
78 79
79 80
80 81
81 82
82 83
83 84
84 85
85 86
86 87
87 88
88 89
89 90
90 91
91 92
92 93
93 94
94 95
95 96
96 97
97 98
98 99
99 100
1 100
100 100
0 0 1 1 0 0 1 1 0 0 1 1 0 0 1 1 0 0 1 1 0 0 1 1 0 0 1 1 0 0 1 1 0 0 1 1 0 0 1 1 0 0 1 1 0 0 1 1 0 0 1 1 0 0 1 1 0 0 1 1 0 0 1 1 0 0 1 1 0 0 1 1 0 0 1 1 0 0 1 1 0 0 1 1 0 0 1 1 0 0 1 1 0 0 1 1 0 0 1 1
1 2
2 3
3 4
4 5
5 6
6 7
7 8
8 9
9 10
10 11
11 12
12 13
13 14
14 15
15 16
16 17
17 18
18 19
19 20
20 21
21 22
22 23
23 24
24 25
25 26
26 27
27 28
28 29
29 30
30 31
31 32
32 33
33 34
34 35
35 36
36 37
37 38
38 39
39 40
40 41
41 42
42 43
43 44
44 45
45 46
46 47
47 48
48 49
49 50
50 51
51 52
52 53
53 54
54 55
55 56
56 57
57 58
58 59
59 60
60 61
61 62
62 63
63 64
64 65
65 66
66 67
67 68
68 69
69 70
70 71
71 72
72 73
73 74
74 75
75 76
76 77
77 78
78 79
79 80
80 81
81 82
82 83
83 84
84 85
85 86
86 87
87 88
88 89
89 90
90 91
91 92
92 93
93 94
94 95
95 96
96 97
97 98
98 99
99 100
1 100
0 0