100
0 83 0 0 0 51 0 86 0 0 44
0 50 0 81 0 0 0 0 0 0 0
0 60 0 0 0 47 0 0 0 0 0
0 0 0 51 68 0 19 0 0 0 77
0 0 0 0 0 0 51 0 70 0 0
0 91 0 73 0 0 0 14 0 50 0
0 0 99 0 5 0 0 0 12 0 0
0 0 0 80 0 54 0 0 0 0 21
25 0 28 0 0 0 38 0 0 97 0
0 0 97 0 0 0 95 0 0 13 9
0 0 0 0 0 0 47 0 0 6 0
80 0 22 0 0 0 4 0 70 0 0
0 27 49 0 0 0 0 66 8 0 0
0 0 0 95 7 0 0 0 0 74 73
0 0 0 0 0 0 0 0 98 98 0
61 89 77 0 0 0 0 0 0 0 0
84 0 0 96 81 26 0 0 0 0 55
0 0 0 0 0 29 3 0 0 0 74
0 0 0 0 0 0 0 0 0 0 93
3 0 5 0 0 42 0 82 0 0 0
46 49 0 70 42 72 0 0 0 0 0
47 0 38 0 0 83 0 0 0 0 0
0 0 0 0 98 0 27 51 0 0 0
46 0 76 0 0 0 20 0 46 0 0
0 0 0 0 0 0 0 0 0 0 65
0 0 73 11 0 0 0 11 0 0 0
0 0 0 0 0 44 0 0 0 0 0
0 0 0 35 25 0 0 0 0 0 0
0 0 0 0 0 0 0 18 0 0 0
0 0 0 96 0 0 0 0 0 49 0
0 0 0 0 0 0 54 0 37 0 0
0 0 0 0 0 0 0 96 47 0 0
0 80 0 0 0 0 0 0 0 0 0
0 0 56 0 0 0 0 84 0 49 0
0 0 0 4 0 0 0 0 0 0 0
0 0 0 47 90 0 0 0 0 52 0
0 79 0 0 85 81 0 79 0 0 0
5 52 0 32 0 0 0 0 0 0 0
0 0 0 0 0 0 0 40 0 0 0
85 0 0 0 77 0 17 0 62 0 0
0 19 33 0 25 0 58 0 0 0 0
0 0 0 0 0 0 0 0 62 0 0
0 0 0 36 0 0 0 0 0 31 0
0 53 0 0 0 0 0 0 0 94 94
0 0 0 0 0 0 0 48 0 76 0
25 0 0 0 0 0 0 0 0 0 0
0 0 0 0 0 0 0 0 61 41 12
0 0 99 0 82 86 0 0 0 0 0
0 0 54 93 0 0 61 0 0 0 37
61 13 0 40 0 47 0 0 0 0 0
86 0 58 0 0 0 0 58 0 0 98
0 78 0 0 84 54 52 0 0 0 15
24 79 0 95 0 0 0 0 0 51 0
0 0 0 35 0 0 0 0 13 0 0
0 0 88 27 0 0 0 0 0 0 0
0 0 0 0 0 0 0 0 0 45 0
29 11 0 0 0 0 63 15 0 0 0
0 0 0 0 0 0 0 0 0 0 12
0 0 0 39 0 44 0 0 0 0 0
0 32 0 94 0 62 0 95 0 0 0
0 0 67 0 0 0 0 0 0 0 0
60 0 0 0 0 0 42 0 84 0 0
0 0 36 0 18 0 0 0 0 0 0
0 78 0 0 85 0 0 1 0 0 33
53 14 0 0 0 0 1 33 0 0 0
0 0 0 0 0 54 0 0 0 0 0
0 0 0 0 0 0 0 0 45 0 0
0 0 0 0 0 5 0 0 0 0 0
0 0 94 0 0 80 87 0 0 0 67
18 0 0 0 0 0 0 57 0 0 0
0 0 0 31 0 96 77 1 0 0 32
83 55 0 0 0 0 47 0 0 96 71
0 0 0 84 85 0 0 0 91 0 0
0 0 0 91 0 0 0 0 0 0 0
0 0 0 0 0 0 37 0 0 60 99
0 68 49 0 0 0 0 0 29 0 0
0 0 0 0 0 88 0 0 0 26 0
0 0 71 2 0 0 0 0 0 0 0
0 38 0 0 95 0 15 0 53 0 0
0 0 0 0 0 0 39 55 53 39 0
0 75 0 42 0 0 56 0 59 0 0
34 0 0 14 18 0 85 0 0 0 0
0 0 0 93 0 0 70 0 0 73 94
0 0 0 0 0 0 0 0 27 80 0
0 77 0 0 0 0 0 0 0 0 0
4 0 0 43 26 0 0 94 0 0 0
0 0 0 0 0 2 0 0 0 0 0
85 41 0 42 89 0 0 61 0 0 0
67 0 69 0 0 4 72 0 0 0 0
0 99 0 0 0 0 71 0 0 0 11
0 39 0 0 0 0 0 0 0 0 0
20 0 81 0 0 69 0 0 0 0 67
0 0 0 77 0 0 0 0 0 29 0
0 0 0 0 60 27 0 32 0 0 0
0 0 0 0 0 80 0 0 0 69 0
0 0 0 0 0 0 0 0 0 53 0
0 0 0 82 50 82 0 0 85 0 19
21 0 0 0 4 0 0 0 95 0 0
0 0 0 0 0 0 45 8 0 0 0
0 0 3 0 0 0 92 0 0 7 0
0 0 0 0 0 0 0 0 0 9 0
0 0 0 43 0 0 0 0 0 0 0
10 0 0 0 0 0 89 23 0 0 62
0 0 0 0 0 0 0 0 14 0 0
0 60 0 0 0 0 0 0 0 0 0
0 0 0 0 80 83 0 0 12 82 26
0 0 0 0 0 69 0 0 0 0 0
0 93 50 0 0 0 0 16 0 62 0
0 0 0 0 0 0 3 0 0 0 0
0 0 0 0 80 63 0 0 0 0 0
83 0 38 32 0 0 88 0 0 0 0
0 36 0 0 47 11 0 0 0 57 0
59 0 0 0 0 18 0 0 0 0 66
0 0 0 0 0 0 0 0 64 47 0
23 0 0 0 24 0 0 70 0 0 0
0 0 0 0 0 0 13 0 50 0 0
0 52 0 0 0 0 88 0 0 0 0
43 0 0 0 0 0 0 70 81 0 0
0 0 82 0 0 0 0 0 0 55 0
0 0 0 81 0 54 31 18 79 0 0
0 0 0 0 0 82 0 46 0 99 0
59 0 0 0 0 0 0 80 0 9 0
0 39 0 0 0 0 0 0 0 0 0
0 65 23 0 0 0 0 0 0 52 0
0 48 0 0 56 7 0 0 0 0 54
87 44 0 0 0 64 0 40 0 0 0
0 0 0 0 0 0 0 37 0 0 0
0 66 86 0 0 0 0 0 0 0 41
0 0 15 82 0 0 0 0 0 0 39
0 0 0 30 0 0 54 83 0 0 0
0 0 0 0 0 0 0 0 64 0 0
89 0 0 0 0 80 59 0 0 14 0
85 0 0 0 0 0 98 92 0 19 0
32 0 0 98 0 0 0 0 0 0 64
0 0 0 0 47 0 0 0 87 0 0
87 0 0 0 0 0 0 0 0 0 0
13 0 0 70 0 0 0 80 69 0 0
0 0 98 0 0 0 10 0 0 46 0
0 0 34 0 0 19 0 0 0 0 75
0 0 0 0 0 0 0 0 0 100 0
0 8 0 0 0 0 0 0 0 0 0
0 0 0 0 0 30 0 0 0 48 0
0 0 0 0 0 0 28 0 76 0 33
0 0 0 0 24 47 0 0 0 27 0
72 0 0 0 0 0 0 0 0 38 0
0 0 0 0 0 0 82 0 0 0 0
0 0 0 0 0 0 0 85 1 0 0
0 0 0 33 8 0 0 0 0 0 14
5 0 89 0 0 0 14 0 0 0 0
0 77 0 0 32 0 0 0 0 0 0
4 0 0 0 18 0 15 83 0 41 0
56 0 0 0 26 0 0 93 0 0 0
0 0 0 51 0 0 0 72 32 0 0
0 0 0 0 0 0 71 52 0 0 0
0 92 0 0 0 0 0 0 93 28 0
48 0 0 0 0 37 84 0 0 0 0
0 0 0 0 0 85 0 0 33 22 0
0 0 0 0 1 0 0 0 0 0 0
0 0 0 0 0 0 0 0 0 0 23
0 0 0 0 0 0 75 46 0 0 0
0 3 0 0 0 0 0 86 0 0 5
19 11 0 0 45 0 0 21 0 0 0
82 0 9 0 0 0 0 0 0 0 76
0 0 0 41 0 0 0 0 0 0 0
0 0 0 0 2 64 0 0 0 54 9
0 0 0 0 0 22 0 0 0 67 0
0 5 45 0 0 0 58 0 0 0 0
0 0 0 97 0 98 0 25 0 0 0
0 0 0 0 0 0 87 0 0 0 0
0 0 0 0 0 0 0 7 0 0 53
0 0 0 0 71 0 0 0 0 0 0
0 0 76 55 0 65 0 0 39 0 0
61 0 0 0 0 0 48 0 0 12 0
0 0 0 0 0 0 0 44 0 0 47
0 0 2 27 0 0 0 0 45 6 0
85 0 0 17 0 9 0 0 0 0 0
73 0 0 19 0 0 0 0 0 42 56
0 0 0 0 0 5 0 16 0 0 25
0 0 0 0 3 0 97 0 0 0 0
0 0 0 66 0 0 0 0 0 0 0
0 0 0 0 0 0 32 0 48 70 21
0 32 0 0 0 38 0 0 0 0 0
0 0 0 0 0 0 47 25 0 0 0
0 0 84 9 0 0 0 96 0 50 22
0 0 92 0 0 0 0 19 0 19 0
0 43 0 68 0 91 0 0 56 0 97
0 0 0 0 32 39 0 11 0 0 0
0 0 0 0 0 0 1 0 35 0 0
0 20 0 0 93 42 0 0 29 0 0
29 90 0 0 0 0 0 0 0 0 0
0 0 0 13 0 0 0 0 0 0 0
0 0 0 29 0 0 0 59 55 16 92
0 0 88 0 0 0 0 0 0 0 82
58 0 0 0 0 0 0 0 80 0 0
8 0 0 0 0 0 0 0 0 0 0
0 21 0 0 84 0 0 1 0 0 0
55 0 0 0 0 0 0 84 0 41 63
0 0 0 0 10 63 0 0 0 0 0
0 68 0 0 0 0 30 95 21 0 0
0 0 89 0 68 34 0 0 0 68 55
72 0 0 0 0 25 0 0 0 8 0
0 0 0 0 89 0 0 0 0 0 0
58 0 0 86 0 0 22 0 0 0 41
0 0 0 31 0 0 36 0 0 57 0
93 0 0 0 0 0 0 0 4 50 0
0 0 0 0 0 0 0 0 31 0 0
0 60 0 0 0 0 0 0 0 0 0
0 30 0 0 91 0 6 0 0 0 0
40 0 0 0 0 25 54 0 0 0 0
0 0 4 0 0 21 0 0 0 0 0
28 0 19 0 77 0 0 0 0 0 0
0 0 0 0 0 0 21 0 55 0 0
0 0 0 0 0 0 0 79 68 0 0
0 0 0 38 0 0 0 0 0 92 0
0 0 18 0 52 24 0 0 0 0 0
0 0 44 51 0 0 60 0 0 0 0
0 53 0 0 72 82 0 0 0 0 0
17 0 44 23 0 0 0 0 87 0 69
0 0 0 0 58 0 0 0 62 0 79
55 33 0 0 0 60 0 11 0 0 0
0 0 0 0 61 0 63 0 0 3 60
0 0 11 0 0 0 84 61 0 0 0
91 70 0 0 0 0 0 95 0 52 0
0 66 0 26 0 0 0 0 97 98 0
0 0 0 0 0 0 0 15 66 0 0
0 69 0 0 0 0 0 0 0 0 3
92 0 0 0 72 0 96 55 0 0 26
0 27 0 26 0 42 0 0 23 0 0
0 0 29 0 93 0 0 82 0 57 68
0 0 0 51 0 0 24 0 0 0 0
68 0 29 15 0 0 0 0 0 40 0
69 0 0 0 0 50 77 0 59 0 31
0 96 0 0 0 0 90 0 0 0 0
0 0 0 0 0 81 0 0 0 22 0
0 68 6 0 0 0 0 58 71 0 0
0 16 57 6 36 72 0 0 0 0 0
0 4 0 0 0 0 0 0 68 0 0
0 0 44 0 0 0 0 0 0 0 0
0 0 0 0 0 0 73 0 63 0 1
0 15 0 0 0 0 51 0 0 0 0
0 0 0 0 0 46 0 0 0 0 0
0 0 0 0 79 0 0 0 0 0 0
0 0 40 0 0 0 0 0 0 0 0
0 0 27 0 0 0 0 0 50 0 0
0 0 0 0 0 0 0 0 0 0 19
0 100 0 0 53 19 0 0 0 0 22
0 25 31 0 7 80 0 37 0 0 0
0 0 0 0 43 0 78 0 0 0 0
11 0 0 0 0 12 0 0 0 2 0
0 0 0 0 0 80 0 71 0 56 10
0 77 0 0 0 0 0 0 0 0 0
0 0 0 6 0 0 0 80 0 91 0
0 0 0 0 0 0 0 33 0 0 0
0 0 0 0 66 0 20 0 4 0 97
0 15 81 0 0 0 0 0 0 0 0
11 21 0 0 0 30 47 0 0 0 0
0 0 69 53 0 0 62 0 0 0 73
40 0 0 0 4 0 0 0 0 0 0
37 0 0 0 0 0 90 0 0 0 10
0 0 0 0 0 0 0 0 0 45 0
43 0 0 0 78 0 6 0 17 0 0
0 0 0 66 25 0 62 0 16 0 31
0 0 7 88 39 0 0 0 0 0 0
0 0 0 0 0 0 0 75 0 0 0
0 0 0 0 10 0 0 0 85 88 0
0 0 0 0 0 18 23 0 0 94 0
0 0 0 89 0 0 0 0 0 0 0
0 0 6 86 0 0 0 80 0 84 0
0 0 0 98 0 0 0 99 0 0 0
0 98 0 68 0 48 0 0 0 0 0
0 0 67 0 0 47 0 12 0 59 0
0 0 84 0 26 0 0 84 0 0 100
0 0 39 0 0 23 0 0 0 0 0
37 33 0 39 0 0 0 0 0 0 0
0 0 0 6 0 18 0 0 0 0 99
0 0 4 0 0 0 0 0 0 0 0
0 11 0 0 83 0 0 0 0 0 0
1 0 0 0 0 0 0 0 0 0 0
0 57 0 0 0 96 0 65 0 26 0
0 0 0 0 0 0 0 58 0 0 0
0 0 20 0 0 57 0 0 0 0 72
27 0 0 0 0 0 0 0 83 0 0
0 0 83 0 0 0 24 0 29 48 0
0 0 0 56 0 0 0 0 0 0 0
0 8 58 94 53 9 0 0 0 0 0
0 0 0 99 0 84 18 0 0 12 0
0 80 0 85 93 0 42 0 0 12 0
32 0 0 0 0 1 0 0 0 0 0
0 0 0 0 0 0 57 0 0 0 0
97 0 49 0 0 0 0 0 0 0 0
53 0 58 94 0 41 0 0 0 0 5
55 31 0 0 0 0 0 0 0 0 0
0 0 0 0 64 65 0 0 0 93 18
0 0 0 0 11 0 0 0 0 0 0
0 0 0 74 0 0 0 15 0 0 0
0 0 6 76 0 0 68 0 61 94 0
0 0 0 0 0 0 0 0 88 0 0
0 0 0 0 41 0 0 2 0 0 49
0 0 54 29 0 100 0 0 0 0 0
15 0 36 49 0 0 0 0 0 1 0
1 0 0 0 0 0 8 0 0 0 0
0 0 0 0 0 0 0 74 20 0 0
0 0 0 25 0 73 96 0 24 0 0
0 0 0 0 0 0 0 0 30 0 29
0 0 0 0 0 0 0 0 0 48 0
0 0 0 0 0 0 0 0 0 0 66
38 0 49 0 0 0 0 4 0 0 24
0 62 86 71 0 0 0 0 50 0 0
0 0 0 0 0 0 0 0 0 33 0
0 0 0 61 0 0 49 0 0 0 87
0 0 0 0 51 0 0 0 0 0 0
53 0 0 0 21 0 0 0 0 0 0
0 0 0 0 0 0 0 66 0 0 0
0 0 9 0 0 0 0 0 0 0 0
0 0 0 0 0 0 0 33 0 0 53
0 0 0 0 0 87 0 0 0 0 0
0 48 0 0 0 83 0 0 69 0 0
0 60 0 0 21 62 0 0 0 24 65
0 0 0 0 0 0 70 0 51 0 0
0 0 0 98 0 12 0 0 0 0 83
7 0 0 0 0 57 0 0 0 6 37
0 0 0 0 0 0 0 0 36 0 0
4 0 0 36 0 50 0 0 0 0 0
0 52 0 0 0 0 0 0 0 0 0
11 0 0 25 0 0 0 0 0 0 0
0 0 48 0 91 0 0 0 0 0 0
0 0 0 0 0 0 57 0 67 0 7
0 0 0 0 20 61 0 0 0 0 0
0 0 0 0 0 0 0 0 0 58 0
0 0 0 0 0 0 0 5 0 0 0
42 0 0 0 0 0 88 0 0 0 0
0 0 0 0 0 74 0 89 0 0 0
0 0 0 0 0 0 0 0 0 0 3
0 26 0 16 0 0 0 0 0 30 0
0 66 0 0 0 0 0 0 0 69 0
85 0 0 0 0 0 0 0 0 3 0
0 0 32 0 0 30 0 0 0 0 0
0 0 0 74 0 8 0 0 0 57 0
0 82 0 0 0 32 0 0 71 0 0
0 0 46 0 83 0 0 0 0 3 60
0 57 0 0 0 67 22 0 0 0 0
0 0 0 39 87 0 0 95 0 0 0
0 0 0 0 60 0 0 14 65 83 0
62 0 0 0 2 0 77 89 0 0 0
0 0 67 60 0 0 0 59 18 0 0
0 0 100 0 0 93 0 0 0 0 0
0 7 4 0 55 0 91 0 0 83 0
0 71 0 73 44 0 0 0 0 0 19
0 0 0 72 0 0 0 39 65 0 0
0 0 0 81 0 93 99 0 91 0 0
0 13 0 0 0 0 0 0 49 0 0
0 73 0 0 0 0 55 0 0 39 8
0 0 0 36 0 0 0 0 0 0 0
56 0 0 98 0 0 0 0 15 0 0
48 0 0 19 0 0 62 0 91 83 0
0 0 47 0 0 0 0 64 0 0 0
0 0 0 0 0 0 0 0 56 75 0
0 19 0 59 0 4 0 0 0 24 0
0 0 0 0 64 100 0 0 0 93 0
0 0 0 0 50 0 0 0 0 0 64
0 0 0 93 0 0 0 50 91 0 81
0 0 0 9 0 52 0 0 22 0 6
0 0 0 0 0 0 0 88 0 0 0
0 0 0 67 63 0 0 0 0 65 0
0 0 58 0 0 28 0 60 48 0 0
17 0 0 54 0 29 0 0 0 0 41
0 0 0 0 0 35 98 96 0 0 0
0 0 79 6 28 48 1 0 0 0 0
0 0 49 0 0 0 0 0 0 0 0
0 39 0 0 100 0 0 0 0 0 0
63 0 0 0 0 58 0 0 0 95 32
60 0 0 77 0 0 0 0 0 0 0
0 0 9 0 0 0 0 0 14 0 77
0 57 85 0 0 0 0 100 0 0 0
0 0 0 0 32 16 0 14 0 0 21
9 0 0 0 0 0 0 0 0 0 0
0 6 0 0 0 0 0 0 0 0 0
0 17 0 0 0 0 0 0 67 0 0
0 0 0 25 0 0 36 0 0 0 15
0 49 0 0 88 0 0 9 84 0 24
45 0 16 0 0 0 0 0 30 0 0
0 0 0 0 0 15 0 0 0 30 0
0 0 0 53 0 0 13 4 0 0 0
0 0 0 0 0 0 0 0 0 62 0
0 26 28 0 67 0 0 0 0 0 0
0 0 34 0 42 0 0 63 0 0 52
0 0 56 0 0 0 0 0 0 32 57
0 0 0 66 0 0 0 0 0 0 0
0 0 49 0 24 35 0 31 0 0 0
0 0 0 0 0 0 3 0 0 68 0
57 0 0 0 0 24 33 4 0 0 95
0 100 72 0 0 0 69 0 0 0 67
84 0 0 0 0 0 0 0 0 0 64
95 0 0 74 0 0 0 67 0 0 0
0 0 5 0 0 0 0 0 34 0 0
0 51 0 0 26 0 0 0 0 16 37
0 0 0 0 0 0 0 0 4 0 0
0 0 0 65 0 0 0 0 0 0 0
75 0 0 97 0 0 61 49 0 52 0
0 0 0 50 0 26 0 0 0 0 0
0 19 25 0 78 0 91 0 0 0 0
93 0 0 0 0 0 0 0 0 0 25
0 85 1 0 0 47 0 61 0 0 0
0 64 0 0 0 0 0 0 0 1 0
26 0 0 0 0 0 0 0 0 0 0
0 0 0 0 0 48 0 96 57 98 0
0 74 0 0 0 0 0 91 0 0 0
0 0 0 0 60 55 0 20 0 0 0
0 0 0 0 0 0 0 50 0 0 0
68 0 0 17 0 0 0 87 0 0 33
0 0 0 0 0 0 0 0 0 98 0
0 0 13 0 64 0 0 0 85 0 84
0 0 0 0 0 0 0 0 0 0 53
0 0 0 0 0 89 0 0 9 0 0
0 0 0 0 97 0 45 0 37 0 0
0 15 0 45 96 65 0 0 0 0 0
0 0 0 97 0 0 0 0 0 0 88
0 0 56 69 57 0 0 0 0 0 0
0 0 0 0 0 0 34 0 0 0 0
0 0 0 15 66 0 91 0 0 46 72
0 41 0 63 50 0 0 61 0 0 0
0 0 0 0 10 0 0 0 0 0 0
0 0 61 45 0 78 0 53 47 0 0
0 0 93 0 0 0 0 32 0 77 69
0 0 71 0 0 0 0 0 30 0 0
73 0 0 0 0 0 0 40 0 29 0
0 0 81 0 82 4 0 85 0 70 0
73 0 0 0 0 0 0 0 0 0 0
0 75 0 0 0 59 35 89 0 50 0
0 0 0 39 0 0 0 0 0 0 0
0 0 0 0 41 0 0 0 73 0 0
0 17 64 0 1 0 0 0 0 0 0
0 0 0 0 0 45 0 0 31 44 71
0 23 0 0 0 0 0 0 0 0 0
0 26 0 0 0 98 2 97 4 0 0
0 89 0 0 0 0 77 95 0 0 0
0 0 0 39 0 0 24 0 0 0 0
0 0 0 0 0 0 2 0 0 52 0
0 0 0 0 0 0 0 0 0 0 12
24 0 0 0 0 0 0 0 0 0 0
0 0 0 0 0 36 0 0 0 0 71
0 0 0 0 30 92 0 0 0 0 68
0 30 0 0 0 0 0 0 0 0 0
0 0 0 0 0 0 51 45 0 0 0
0 0 0 89 0 0 43 0 1 0 0
0 0 0 0 0 0 0 71 0 0 0
23 0 0 9 0 0 0 0 29 19 0
100 0 0 0 0 0 0 0 0 0 0
0 0 0 0 0 27 62 0 95 0 63
0 0 86 0 76 0 0 0 6 0 0
0 64 37 0 0 16 0 0 63 0 96
0 32 0 0 33 0 0 0 0 0 92
0 0 0 0 54 100 0 17 76 11 0
62 0 92 0 45 0 0 0 30 0 0
0 0 0 36 0 0 0 0 0 0 0
0 0 73 0 9 0 0 69 0 0 18
0 9 29 82 0 40 0 0 0 71 0
70 96 0 0 0 35 0 0 20 0 55
0 71 0 90 0 0 0 0 39 0 40
0 0 32 0 0 5 22 0 0 0 81
15 0 0 0 70 0 0 53 86 0 0
0 0 17 62 0 78 0 0 0 0 0
0 0 68 0 0 0 0 0 0 3 0
25 0 0 0 76 0 96 0 0 0 0
0 0 23 0 0 0 0 0 85 0 0
56 75 0 0 0 0 0 0 0 0 0
74 8 0 49 0 0 97 0 96 0 0
36 0 16 0 0 0 0 95 0 0 32
0 0 0 0 0 28 0 0 0 0 0
0 29 0 0 72 0 0 0 28 0 67
0 4 0 72 0 0 0 10 0 0 0
0 0 0 0 29 0 96 52 0 0 0
0 0 0 0 0 0 0 97 0 0 0
0 0 0 0 0 0 0 0 0 97 0
0 93 0 0 21 0 0 47 0 0 0
0 51 0 3 0 0 0 0 0 0 92
0 0 0 0 0 0 48 0 78 0 0
0 16 0 0 0 0 0 0 0 0 0
0 0 0 0 46 0 0 0 0 0 0
0 0 0 94 0 0 0 0 0 0 0
0 25 0 0 0 91 0 0 0 0 0
88 0 0 0 0 0 0 58 0 0 0
82 0 1 0 0 0 0 0 76 99 0
41 0 64 0 0 72 0 0 0 0 0
15 0 0 0 0 0 0 0 0 0 0
0 0 0 0 0 0 0 76 0 0 0
0 0 0 0 1 39 0 0 0 60 3
0 55 0 59 0 0 0 0 0 0 0
0 0 0 0 0 0 32 9 0 0 65
0 0 0 0 0 0 59 0 0 0 86
0 0 0 0 0 52 0 0 0 0 81
0 0 0 0 0 0 0 0 0 85 0
13 0 6 0 0 0 0 39 63 0 8
0 0 0 78 0 0 0 5 0 39 64
0 35 17 0 72 0 0 0 0 0 0
0 0 0 0 0 0 29 0 19 35 0
78 0 0 0 65 0 0 0 0 87 0
0 0 1 0 0 0 0 0 56 70 20
0 0 0 0 0 0 0 91 0 0 0
0 0 0 94 0 0 0 0 0 0 0
0 49 20 0 0 0 0 0 0 0 78
71 0 0 0 0 81 19 0 53 0 0
18 0 0 0 0 57 0 0 0 0 0
0 0 0 0 42 0 35 12 0 0 0
0 21 0 0 0 0 0 0 0 0 0
0 0 19 0 0 0 0 0 98 0 0
50 0 0 0 0 0 0 0 0 28 55
0 77 0 0 0 0 0 0 0 59 30
87 0 0 0 0 89 0 0 6 0 0
0 0 0 0 62 0 0 0 0 0 0
0 87 0 0 0 1 0 0 39 0 51
0 0 17 0 0 0 28 0 0 92 75
0 0 81 0 0 0 0 3 96 0 17
0 47 18 0 0 0 0 0 40 52 0
29 0 0 0 76 0 0 0 0 0 0
0 0 0 42 0 0 0 0 0 0 0
0 44 0 0 0 0 0 32 25 11 0
0 0 0 0 33 0 0 49 0 25 0
0 0 0 0 0 0 0 0 0 50 0
0 0 81 0 0 0 0 0 0 29 24
0 82 0 0 0 0 38 0 0 0 0
73 0 0 0 0 0 0 0 0 0 0
0 0 0 0 0 21 0 0 95 0 0
0 0 58 0 0 0 0 87 0 85 0
0 48 0 7 0 0 0 18 17 33 0
0 0 0 54 78 0 0 88 0 69 0
0 0 0 2 0 0 88 0 0 0 0
0 55 0 0 52 0 0 0 75 0 90
0 73 0 0 0 0 95 55 0 54 0
0 0 0 77 88 0 61 0 0 0 11
0 0 0 0 0 47 0 0 55 0 81
0 0 73 0 0 0 33 0 56 0 0
0 95 0 0 55 0 36 0 8 0 97
0 31 78 0 47 0 0 0 36 0 0
0 71 35 89 0 0 0 0 0 0 0
32 0 22 0 0 14 6 0 23 0 0
0 0 0 85 0 0 0 0 0 0 0
0 0 0 0 0 17 0 50 0 0 0
28 0 0 0 0 0 0 70 48 0 0
0 63 0 58 0 0 0 0 100 0 0
0 24 10 0 0 69 0 0 38 0 0
0 0 64 0 95 0 0 54 0 0 0
0 0 0 0 0 30 0 81 0 0 0
0 0 0 0 0 0 95 0 0 0 0
0 18 0 0 78 0 0 0 0 16 0
0 0 0 0 0 0 0 62 0 0 62
0 17 0 44 0 0 99 0 92 0 30
0 96 0 0 98 0 6 0 0 0 0
59 0 0 0 0 0 0 0 0 0 0
0 0 0 0 0 32 0 0 0 0 0
20 83 0 0 98 9 0 0 0 0 68
97 97 0 0 64 0 0 0 0 0 0
0 11 0 0 0 0 0 0 73 0 0
0 9 0 0 69 0 0 0 0 0 0
0 0 0 72 0 0 0 0 0 0 0
0 0 0 0 89 0 0 0 0 0 0
0 40 0 64 5 0 0 0 0 58 0
0 0 0 0 0 0 0 0 0 0 85
84 0 0 0 0 0 23 0 0 0 0
0 0 41 0 0 0 0 0 0 0 0
0 0 0 43 0 0 0 54 0 0 0
0 0 0 0 16 0 0 0 0 49 0
0 0 57 0 0 0 0 0 0 0 0
0 0 0 0 0 0 76 0 0 0 0
0 0 0 0 0 0 0 0 14 0 0
90 0 0 0 0 0 24 78 39 0 53
1 0 0 0 0 0 0 0 93 0 0
83 0 0 37 0 0 0 0 0 12 21
0 0 0 0 0 82 0 94 0 0 0
0 73 0 0 0 0 0 0 0 0 0
73 0 0 17 0 0 25 0 100 52 0
0 0 0 0 0 25 0 0 0 0 0
0 39 38 0 22 0 0 0 0 66 43
0 0 0 11 0 0 0 0 0 0 24
92 50 0 55 0 78 0 47 0 0 0
0 0 0 0 0 0 0 54 96 89 0
0 0 0 0 58 0 0 0 90 0 0
0 0 0 4 0 0 0 0 0 75 14
0 0 0 0 0 0 55 24 34 0 0
0 0 0 0 0 28 0 17 0 0 0
0 0 0 15 0 0 0 0 0 0 0
0 0 0 0 0 0 0 97 0 0 0
0 47 0 48 0 0 0 0 0 0 33
0 74 0 4 0 0 38 0 32 0 0
0 0 2 0 0 86 0 16 0 0 71
0 0 67 0 0 0 0 0 0 0 0
0 0 0 62 0 0 0 23 76 0 0
60 0 0 0 0 42 0 0 0 0 0
0 0 0 0 89 0 0 0 0 0 0
0 0 0 0 0 0 17 95 0 15 0
0 73 0 0 0 0 0 0 0 0 0
0 0 0 0 84 40 0 79 0 56 96
0 0 0 0 0 0 0 0 0 37 0
0 0 62 0 0 0 0 95 0 0 84
0 17 0 0 0 0 0 0 72 30 49
0 0 96 79 0 0 0 0 0 0 0
0 6 0 5 0 0 0 0 47 0 0
27 0 0 87 0 0 0 0 0 35 19
0 0 0 0 0 0 0 0 0 70 0
0 0 10 9 0 34 99 0 0 0 0
0 0 0 0 13 0 0 0 0 0 99
0 0 17 0 0 74 0 28 30 6 0
0 0 0 0 33 0 0 0 0 0 0
0 0 52 0 0 0 0 50 0 0 0
0 0 0 88 0 0 45 0 0 0 0
0 47 41 0 31 0 37 0 0 0 38
0 97 91 0 0 0 0 0 0 47 79
30 0 0 0 17 0 0 47 0 0 0
23 0 0 0 0 18 84 0 90 0 0
0 0 0 0 9 44 0 0 0 0 0
0 0 0 0 0 0 0 91 0 0 45
0 0 62 0 88 34 0 0 0 60 0
0 0 0 0 0 0 96 0 77 0 0
0 0 0 0 0 0 0 90 0 0 0
0 0 0 34 0 0 0 0 0 0 0
0 0 0 8 0 0 31 0 0 0 0
0 0 23 0 0 0 0 0 0 0 0
0 0 38 0 81 0 30 0 33 0 0
0 0 0 0 80 0 0 82 0 0 0
86 65 0 0 0 0 0 0 0 0 0
0 0 0 55 0 0 21 60 87 0 0
0 0 0 0 0 0 0 94 0 0 0
0 0 0 0 0 0 0 0 0 61 0
0 82 0 0 12 3 0 83 64 0 0
0 0 0 55 0 0 0 0 0 0 0
0 0 0 0 91 0 0 0 0 11 36
0 7 8 0 0 0 0 0 0 42 0
19 0 0 60 0 95 0 86 0 0 0
0 41 0 19 0 0 69 0 93 0 0
0 0 0 0 100 0 0 0 30 0 0
0 43 7 0 0 0 0 0 0 0 0
0 0 0 0 14 14 0 25 0 0 25
0 0 0 38 0 0 0 0 0 0 0
83 0 98 0 0 52 0 0 49 0 0
0 0 59 0 0 0 28 0 57 43 0
0 0 0 0 0 0 56 0 37 0 0
0 0 18 0 0 0 63 0 91 0 70
0 0 0 0 0 35 0 0 0 0 0
0 52 0 0 0 0 0 57 8 0 0
65 0 0 9 0 16 93 0 0 0 0
0 63 99 0 0 0 0 0 0 34 0
74 0 0 65 14 0 59 50 0 0 0
0 0 0 0 80 86 0 0 0 0 0
0 0 0 0 0 0 93 0 0 0 0
0 0 0 19 0 0 0 0 0 0 0
0 0 0 0 60 0 0 76 26 0 0
0 0 0 0 0 0 0 0 0 0 60
0 61 0 10 79 0 0 45 0 0 0
0 0 18 100 0 0 0 0 0 90 83
0 0 59 84 83 86 0 0 0 0 0
0 0 7 42 0 0 0 0 0 0 100
0 0 0 0 0 39 0 0 45 50 40
0 0 0 0 68 72 45 0 0 0 11
0 0 5 0 0 25 0 0 9 0 0
0 0 0 0 91 0 0 0 0 85 0
78 0 0 0 0 0 0 0 35 0 0
0 0 0 0 0 0 0 38 0 0 0
91 52 0 0 0 0 0 73 0 0 0
0 0 0 0 0 0 17 0 0 80 69
24 73 0 86 0 0 0 1 0 97 0
89 0 0 34 0 0 0 0 36 0 0
0 0 0 0 0 18 0 0 10 17 0
67 0 0 5 0 0 54 0 0 0 0
0 72 0 0 1 0 0 0 0 0 0
0 0 0 0 0 0 0 84 0 0 0
3 0 0 0 0 0 100 0 0 0 59
96 0 0 0 0 52 0 0 0 0 0
62 0 0 0 0 99 0 0 0 0 68
0 22 91 4 0 12 0 0 0 0 0
0 0 69 0 0 0 0 0 0 0 0
0 0 0 0 0 0 13 0 0 0 0
0 0 0 0 60 0 60 0 57 0 0
21 0 0 19 0 0 0 0 66 0 0
0 75 0 0 0 0 0 0 0 0 0
0 0 0 0 0 0 28 0 0 68 0
83 78 0 0 0 19 0 0 0 0 0
0 0 19 0 26 0 0 92 0 0 7
35 11 43 0 0 0 29 73 0 0 0
59 0 0 0 0 0 0 0 0 0 0
0 0 0 0 57 0 99 0 0 0 49
0 0 0 0 0 0 0 0 0 0 80
0 0 10 28 0 0 0 0 85 0 0
0 0 0 0 0 0 81 0 0 0 0
25 0 0 0 37 0 0 0 94 0 0
0 0 0 16 24 0 0 0 98 0 0
77 8 20 0 0 0 87 0 10 0 0
0 0 0 0 0 62 0 59 87 0 0
0 0 3 0 0 0 68 0 70 94 68
0 0 0 88 4 0 32 0 0 0 41
0 7 0 0 0 0 0 0 0 0 0
0 0 0 94 0 0 56 0 36 0 38
0 64 0 0 45 0 0 0 0 57 0
0 0 39 0 0 89 10 0 0 64 77
0 24 49 0 0 2 0 0 0 0 0
0 40 0 0 0 75 0 0 0 0 42
0 0 0 87 0 37 0 59 51 0 49
3 0 0 51 0 0 0 0 15 0 0
0 0 0 0 0 0 0 0 38 0 44
0 0 0 0 0 0 0 0 0 44 0
0 0 0 0 0 31 1 0 0 0 0
35 0 81 0 0 0 0 77 0 0 63
2 0 0 0 0 0 0 0 0 0 0
43 0 0 0 0 0 45 79 0 0 89
0 57 0 0 55 0 0 0 0 0 0
0 0 0 0 0 0 0 0 0 55 0
0 58 0 0 0 0 0 0 0 0 0
63 0 54 0 99 0 0 0 80 0 0
25 0 0 20 0 80 0 0 0 0 28
0 0 0 0 0 0 0 0 0 0 29
0 0 0 0 55 0 66 0 0 0 0
0 0 0 0 0 84 0 19 99 58 0
0 0 0 89 46 0 0 0 91 0 0
32 64 0 0 0 0 48 0 82 0 0
0 0 0 24 0 0 0 0 0 0 0
0 0 0 0 0 58 0 0 0 0 0
0 0 0 27 0 54 0 0 0 0 80
0 0 30 0 0 18 0 0 0 0 0
0 0 0 0 63 0 0 0 0 8 0
84 0 0 0 0 32 0 62 0 0 0
0 22 0 0 0 0 0 0 0 0 0
0 0 0 0 28 0 0 30 0 0 0
0 0 0 0 0 0 0 0 55 0 0
0 89 0 0 0 0 41 0 0 0 73
0 0 0 0 42 0 0 0 0 0 2
0 0 0 0 0 0 99 0 67 0 0
0 71 0 0 0 51 0 0 0 0 0
91 0 0 41 71 69 0 0 97 0 0
0 0 0 0 0 0 0 0 80 88 64
0 0 0 0 0 0 0 0 11 0 0
0 16 0 24 0 0 0 0 0 34 0
0 20 0 0 0 0 0 0 0 6 0
0 44 0 0 26 83 0 97 0 0 87
5 81 0 0 0 50 0 0 0 0 0
100 43 89 0 0 0 0 0 33 0 0
47 33 0 0 0 0 57 64 0 0 0
0 0 95 18 9 0 0 0 0 38 52
0 14 0 0 0 0 12 0 0 0 0
0 0 0 0 0 0 79 0 0 45 0
0 0 0 0 32 0 0 0 47 0 0
0 0 89 0 0 0 0 0 0 87 0
14 0 78 0 0 0 0 0 0 0 0
0 0 0 80 0 0 0 0 0 0 0
0 0 21 26 0 39 0 0 0 96 0
0 0 0 0 48 0 0 0 0 43 0
40 0 0 0 0 0 0 0 26 0 0
0 0 0 0 0 55 0 0 0 0 50
90 0 52 0 43 62 0 63 0 0 0
0 72 0 0 0 0 6 0 0 0 0
74 0 0 0 0 60 31 0 0 0 20
0 58 73 0 0 0 0 0 0 52 0
0 0 0 0 0 34 0 0 0 0 0
0 0 0 0 0 19 93 0 53 0 0
0 0 0 0 0 0 0 0 0 50 87
0 0 0 0 0 0 0 42 0 0 0
69 0 0 0 0 0 9 0 0 0 31
0 0 82 0 0 0 0 0 0 0 0
0 0 0 0 95 0 0 0 8 49 0
0 0 73 10 92 0 0 0 0 0 0
0 0 0 77 0 79 0 0 0 0 27
73 68 0 0 0 0 0 0 0 30 0
0 11 0 0 0 0 0 0 0 0 5
0 0 0 97 0 0 0 0 0 0 0
100 0 0 0 0 89 0 81 0 0 0
47 0 37 0 0 0 0 0 0 0 0
6 0 0 0 0 0 84 0 0 0 0
0 65 0 61 0 34 62 0 31 0 0
0 0 0 0 0 0 0 0 79 0 0
0 59 0 0 0 0 8 0 0 39 0
0 0 0 0 0 0 0 68 0 0 0
0 0 13 0 45 95 0 95 0 0 0
0 0 0 0 0 69 0 0 0 0 7
0 0 0 67 77 0 0 43 0 47 0
0 0 0 0 59 0 98 94 0 0 92
0 0 6 0 0 95 0 0 0 36 0
0 0 34 0 0 0 0 0 19 0 0
0 9 0 0 0 63 0 47 0 3 0
0 0 0 39 0 0 0 0 0 0 0
87 0 0 0 39 0 81 0 0 7 0
0 76 92 0 0 34 0 0 0 89 0
0 0 5 0 56 94 0 0 51 0 0
0 63 0 0 0 0 0 17 0 35 68
0 0 0 0 14 0 0 0 0 16 86
0 0 71 0 0 0 6 0 0 0 0
0 0 0 0 0 0 0 0 0 0 35
87 0 0 0 2 0 0 0 17 0 0
0 0 0 26 0 0 0 0 0 56 0
0 0 0 20 0 0 0 96 0 0 0
0 0 7 0 64 0 0 0 0 0 0
11 0 0 0 0 0 73 0 0 0 0
0 53 81 0 0 0 0 0 0 0 0
0 0 1 28 0 37 0 0 0 0 0
59 0 0 0 76 52 0 58 11 0 0
0 0 0 0 0 0 5 0 0 0 0
0 0 0 75 0 0 0 76 0 0 0
0 0 0 0 0 0 0 0 0 0 25
0 0 0 17 0 0 0 0 0 0 0
0 0 0 0 0 90 0 0 0 0 0
0 41 0 0 0 0 35 0 12 55 0
0 0 58 0 0 0 0 0 1 0 0
19 0 0 0 0 0 0 0 0 0 0
0 0 0 0 77 0 0 0 0 0 0
0 0 37 0 0 0 0 0 0 0 0
0 49 0 0 0 0 80 0 16 38 0
0 33 0 0 0 0 0 0 75 0 72
0 0 0 0 66 92 34 0 0 0 0
6 0 0 0 0 0 32 0 0 0 0
0 0 79 0 0 97 39 0 0 0 10
0 0 5 0 13 0 0 0 0 9 5
0 0 33 0 0 0 97 0 0 46 0
0 0 0 8 0 0 0 0 0 0 0
0 0 0 0 0 0 0 0 0 0 69
0 0 0 0 0 0 96 48 0 0 0
10 0 0 0 0 0 0 0 0 0 0
0 45 0 0 0 0 0 26 6 0 0
24 38 0 0 0 0 0 0 0 0 0
0 0 0 0 0 0 0 0 68 0 0
0 44 99 0 0 0 0 4 0 0 0
73 0 77 0 0 0 100 0 0 0 0
0 0 0 0 94 0 0 99 0 0 0
0 27 8 0 5 0 35 0 0 0 0
0 0 0 24 0 12 0 85 0 0 0
0 0 0 0 0 0 46 0 0 59 0
35 0 0 31 0 0 0 0 0 5 50
0 0 12 0 39 0 0 49 0 0 0
0 0 0 20 0 89 0 0 0 0 0
0 0 0 0 0 0 0 0 0 27 0
0 0 0 0 0 7 0 0 0 42 0
0 99 30 0 0 0 0 0 0 0 0
0 0 0 90 5 0 0 0 0 0 28
0 0 0 0 57 0 0 0 0 8 0
0 88 0 0 0 78 0 80 0 0 51
0 0 0 0 0 0 21 0 15 0 0
0 0 0 0 97 0 0 0 26 0 0
0 0 0 72 0 0 0 9 0 0 0
0 62 0 0 0 0 0 0 0 0 60
54 0 0 0 80 22 0 77 0 0 0
0 0 57 0 54 0 0 0 68 0 0
59 0 0 70 0 0 0 0 0 0 0
0 0 0 0 89 52 0 0 78 65 20
79 18 0 0 0 0 0 0 0 96 93
0 40 0 19 0 0 38 0 0 0 0
0 0 5 53 0 0 0 0 55 0 0
0 0 0 0 0 0 0 0 59 0 0
0 0 0 0 0 0 0 90 0 0 0
0 0 0 0 0 13 42 2 0 0 0
0 0 0 0 54 0 0 0 0 0 0
0 31 0 0 0 0 0 0 94 0 87
0 84 0 0 63 56 0 21 0 0 0
0 0 0 79 88 93 0 0 0 0 0
0 45 0 0 0 0 55 0 58 0 0
0 0 0 0 0 97 0 28 0 37 0
0 0 85 0 0 0 0 0 0 0 48
0 0 0 0 0 90 0 0 0 24 0
0 0 0 11 0 0 0 0 67 86 0
0 0 0 0 0 0 12 0 0 0 0
0 0 58 0 0 0 0 0 94 0 22
0 0 0 3 0 0 0 19 0 0 0
78 0 0 0 0 0 0 0 0 0 0
65 0 0 0 4 0 100 0 0 57 0
0 0 0 0 0 0 0 0 0 0 35
14 0 0 54 92 0 32 0 0 0 0
0 0 61 0 0 20 0 69 0 74 0
0 0 0 36 0 0 0 0 0 0 91
0 0 0 0 0 7 0 8 0 0 0
0 80 74 0 3 0 0 88 0 98 0
71 93 20 0 0 0 0 86 0 0 0
76 0 27 0 0 0 0 0 0 0 0
0 0 0 0 33 88 0 14 70 0 26
0 75 0 0 0 0 68 0 0 32 0
0 0 0 0 40 0 0 0 0 0 0
0 0 0 0 0 0 0 0 87 0 0
0 0 0 0 0 17 0 0 0 0 0
0 56 0 0 0 0 75 0 0 0 35
40 90 0 0 0 0 74 0 0 0 0
0 0 44 33 0 0 0 79 0 0 31
0 0 0 13 0 0 0 0 0 0 0
0 0 82 0 0 0 0 18 0 61 0
0 0 0 0 0 0 0 0 0 0 93
0 0 0 43 0 87 0 0 0 29 0
0 70 0 0 0 0 0 0 0 0 0
0 0 0 0 0 0 8 0 0 0 0
0 0 0 0 0 18 0 0 0 25 0
73 0 0 93 0 33 82 0 0 18 0
0 62 0 0 0 0 0 57 0 5 0
0 0 0 0 0 39 43 0 0 0 0
0 0 0 0 0 0 0 53 0 0 0
0 0 0 0 0 0 4 0 69 0 18
33 80 0 0 0 95 0 0 0 0 60
0 0 0 0 32 0 0 0 0 0 0
0 45 0 0 0 0 0 27 0 48 86
0 21 21 0 0 0 0 0 0 0 0
0 0 0 0 0 0 0 0 88 72 80
0 0 80 0 0 0 0 0 0 0 0
0 0 24 0 2 0 0 0 31 63 0
0 0 0 73 31 0 54 76 0 0 0
65 0 0 0 0 0 0 0 0 0 0
0 34 0 0 96 0 36 0 94 0 0
0 42 33 9 0 0 62 0 47 0 0
0 4 0 32 26 0 55 0 0 0 0
7 50 0 92 0 30 0 0 0 0 0
0 0 0 92 0 29 19 48 40 0 0
29 14 0 0 0 47 0 10 0 2 0
0 34 0 0 0 26 0 0 70 0 73
0 0 27 0 0 0 0 62 10 32 0
0 0 0 0 65 51 0 0 0 0 0
0 0 0 67 0 86 28 0 0 0 0
0 7 0 0 41 0 0 0 73 0 0
0 0 0 0 0 0 0 0 0 0 86
0 0 0 0 0 56 0 21 0 0 24
0 0 98 0 0 82 24 0 26 0 0
0 0 0 0 24 0 0 77 82 0 0
0 0 0 0 0 0 64 0 0 9 0
69 0 0 0 0 0 6 0 0 75 0
0 0 0 0 0 23 0 0 0 0 0
0 0 0 0 0 32 51 0 90 0 0
29 0 0 0 89 0 57 0 0 0 0
0 0 84 0 0 0 0 63 52 0 0
0 24 0 25 88 0 0 31 0 0 0
0 0 0 0 0 0 0 89 26 0 0
0 0 0 0 90 0 15 0 0 0 0
44 29 0 0 0 0 0 0 89 0 0
0 0 79 0 0 0 97 0 0 0 26
5 0 0 60 97 0 30 0 64 0 0
0 0 0 74 0 0 79 0 0 83 3
0 0 0 0 0 0 0 0 0 0 59
0 0 36 0 0 0 78 0 0 80 0
0 0 0 0 64 0 0 0 0 0 0
0 31 0 45 0 0 0 0 0 28 0
0 0 0 0 0 0 84 0 0 0 0
0 0 3 0 0 0 0 0 59 25 0
69 0 0 0 0 0 0 0 0 0 43
0 0 0 0 0 76 0 0 0 51 0
0 0 0 77 0 0 0 0 0 0 0
0 0 0 0 0 0 0 38 0 0 0
0 62 0 0 0 0 0 0 1 0 0
0 0 0 0 0 0 0 87 0 58 83
0 0 19 0 0 0 0 0 12 0 0
0 0 32 0 0 0 55 0 0 0 0
0 0 20 86 8 0 100 0 0 0 0
0 0 8 0 0 0 0 43 0 0 81
81 0 0 74 64 0 0 0 0 0 0
0 0 65 0 0 0 0 0 0 0 0
0 0 0 77 53 0 0 0 0 81 0
0 0 0 0 0 0 0 0 0 0 61
0 26 0 0 0 27 4 0 0 44 0
0 74 0 0 0 0 0 0 77 0 60
0 0 0 83 0 0 0 0 0 75 39
0 0 0 0 0 39 0 81 0 0 0
0 45 78 0 59 0 0 0 0 0 0
0 0 0 11 23 0 0 58 0 0 0
0 0 0 90 0 0 0 0 0 0 0
0 0 0 51 0 64 0 60 0 0 0
0 0 0 59 0 0 0 0 51 0 46
0 0 0 31 0 0 37 0 0 0 0
64 0 0 0 0 0 0 0 59 0 0
64 0 0 0 0 0 0 0 0 0 43
0 0 87 0 0 0 0 0 0 0 0
0 0 0 0 99 0 59 0 0 73 0
0 35 0 0 0 0 0 0 0 97 0
0 0 0 0 0 0 0 0 42 0 0
0 0 7 0 0 0 0 0 0 0 95
0 0 0 28 0 92 0 0 0 0 14
0 0 31 0 7 0 0 0 0 27 34
0 0 0 0 0 14 0 0 0 0 0
0 0 0 91 38 0 0 69 0 0 0
0 0 0 0 0 0 0 28 55 3 68
0 0 0 0 34 0 76 0 0 0 0
20 0 0 0 36 0 0 0 0 0 4
11 0 0 0 0 0 0 0 0 55 0
0 0 88 0 0 0 0 0 0 0 0
0 0 0 0 0 85 0 0 0 0 0
0 0 0 0 0 0 0 0 24 62 19
0 0 0 63 0 0 0 0 0 0 0
0 0 43 0 77 0 14 0 0 0 0
0 0 0 42 89 0 0 98 0 0 0
14 0 0 0 0 0 0 0 0 0 0
99 0 0 0 49 0 0 0 0 66 19
0 0 0 0 0 0 0 0 0 0 17
0 82 89 0 0 0 0 99 75 0 0
0 16 0 0 0 10 2 0 50 0 0
0 0 59 0 0 83 0 55 99 30 0
0 0 0 74 0 0 0 40 63 0 0
0 0 0 0 0 0 0 0 82 29 0
0 0 0 0 0 0 90 0 0 0 0
82 0 0 0 0 0 0 0 0 84 0
12 0 0 0 45 13 84 0 0 0 0
12 0 0 0 30 0 0 0 0 0 0
0 0 0 7 0 0 7 0 29 0 0
0 0 84 43 0 0 0 0 0 20 0
11 0 0 0 0 6 0 0 0 0 20
0 0 0 0 0 87 0 65 0 43 45
98 42 0 0 0 10 0 0 69 0 0
0 0 0 19 0 0 0 0 0 0 0
0 39 0 1 6 0 0 57 0 0 0
40 0 0 80 0 17 0 25 0 0 0
0 0 0 0 0 0 31 85 0 25 0
0 0 0 0 0 0 0 55 0 0 0
0 0 0 0 0 0 73 0 0 48 0
0 0 87 86 0 45 0 0 92 0 0
0 0 0 0 0 0 0 71 0 0 78
57 0 0 0 85 0 0 0 0 0 18
0 0 0 0 0 0 31 0 0 0 0
0 0 60 0 0 0 0 0 0 0 78
0 18 0 0 0 0 0 0 0 0 6
0 0 0 0 0 5 0 31 0 0 0
63 0 0 0 0 54 3 0 0 0 0
0 73 0 0 40 0 82 0 0 39 58
0 1 0 0 0 1 0 0 0 0 0
89 50 0 0 0 0 0 0 0 31 0
0 0 0 0 0 0 67 59 92 0 0
0 0 0 0 0 0 0 93 0 0 0
0 0 0 81 32 0 0 0 0 0 0
0 0 0 0 49 0 0 0 0 3 74
0 0 0 70 0 0 69 0 0 0 0
0 0 0 0 0 0 0 0 0 0 12
0 35 0 0 0 0 14 0 0 0 0
24 0 0 0 0 0 81 27 0 0 0
0 0 0 64 0 73 0 0 0 40 78
0 0 98 0 29 0 0 77 0 0 0
0 31 0 0 0 0 0 0 0 0 0
28 0 0 0 49 0 0 0 0 0 0
0 0 0 0 0 0 0 0 31 83 0
0 0 54 0 0 0 32 0 0 0 0
0 0 0 0 0 0 0 100 0 0 0
0 92 0 0 0 0 0 0 0 0 0
41 68 0 0 0 0 0 0 0 0 0
0 85 0 0 0 56 0 0 64 24 0
67 0 51 0 0 0 17 0 20 0 0
0 26 97 0 0 15 0 0 0 0 0
0 0 9 0 0 32 5 0 14 0 0
0 0 0 0 37 0 0 0 0 0 0
0 0 0 25 0 0 0 0 0 0 0
50 0 88 35 0 0 0 0 0 0 0
0 25 0 49 0 0 0 97 0 0 43
0 0 0 40 0 14 52 0 0 32 0
0 9 0 0 0 0 0 88 0 0 0
33 0 0 0 31 0 0 0 0 22 52
0 0 93 0 0 65 0 0 76 74 0
74 0 0 0 0 0 0 27 0 15 0
0 50 0 96 0 0 60 0 0 0 59
0 0 16 0 33 0 84 97 0 0 0
0 0 0 0 0 0 0 24 89 24 0
0 76 0 0 0 25 20 0 10 82 0
8 0 4 0 0 0 0 0 0 0 29
0 63 0 0 0 44 0 0 0 0 60
0 0 0 0 0 79 93 47 0 0 0
0 0 0 0 12 0 0 0 0 38 79
0 95 0 0 0 73 13 0 0 0 0
0 0 0 0 0 0 41 0 68 0 0
12 0 20 0 0 0 0 0 0 59 0
0 0 20 0 0 0 32 0 0 59 0
0 74 64 6 0 0 54 0 0 0 0
13 0 0 0 0 23 0 0 0 54 52
17 87 0 0 0 0 29 0 0 0 33
0 0 0 82 0 0 0 0 86 38 0
0 0 0 2 0 0 90 0 73 0 0
0 0 84 0 94 0 0 0 0 0 0
0 38 0 44 81 0 0 0 0 0 0
0 0 0 0 0 0 10 98 50 2 0
0 0 0 0 0 33 30 0 22 0 0
0 28 0 0 20 12 52 0 0 28 0
0 62 0 0 0 0 0 0 0 0 0
60 0 0 0 0 46 0 0 0 0 0
0 0 12 0 25 0 78 0 0 27 0
0 0 0 0 0 0 0 59 0 0 0
0 64 0 0 0 0 0 0 0 0 35
0 0 0 0 0 0 11 0 0 0 0
0 0 0 0 46 0 39 0 0 4 0
0 0 5 0 0 0 0 51 0 0 0
0 0 23 0 59 48 0 0 0 0 0
0 0 0 81 33 0 0 59 0 1 0
0 0 92 0 18 0 0 0 0 0 0
0 13 88 11 0 26 21 0 0 0 0
0 0 0 80 0 0 0 0 0 0 0
0 0 0 0 0 59 0 4 0 0 71
0 79 0 0 0 0 68 0 40 0 0
58 0 0 0 0 0 0 0 0 0 0
78 0 0 0 0 0 0 0 42 0 24
0 0 0 51 0 0 0 0 23 0 0
0 0 0 0 0 0 84 0 0 0 0
0 14 0 0 28 0 0 0 0 0 54
0 0 0 0 0 0 0 0 0 0 36
0 0 0 0 0 0 0 78 0 0 0
0 0 0 0 0 83 0 0 0 0 97
0 0 0 0 0 0 0 0 0 5 0
65 0 0 0 0 0 0 0 0 0 0
0 0 2 0 0 0 65 0 0 0 0
0 0 0 0 97 0 65 0 25 9 0
0 0 0 64 0 0 100 0 0 0 0
0 0 0 0 0 0 0 49 0 0 16
0 0 97 24 0 0 0 0 0 0 0
0 51 0 0 0 0 69 0 0 0 0
0 0 0 33 93 0 0 0 66 0 0
0 63 0 63 77 0 0 0 0 0 0
0 0 0 0 0 0 0 0 0 0 71
0 0 0 19 13 0 0 0 0 0 0
65 0 0 0 0 47 0 0 7 0 0
0 0 0 0 15 0 41 66 0 0 0
0 0 0 0 0 73 0 0 0 0 0
0 0 0 0 0 77 69 0 0 70 28
