28
5 0 5 100 3 2 7 2
1 2 5 1 5 2 5 4
0 0 100 0 10 10 20 10
0 0 100 0 10 0 20 20
-100 -4 -4 -100 0 0 10 23
0 0 -100 -100 -100 0 0 -100
0 0 0 100 0 50 1 50
0 0 0 100 1 50 0 50
0 0 0 100 1 50 2 50
0 0 10000 10000 0 -1 1000 10000
0 0 10000 10000 0 1 10000 9999
0 0 10000 10000 -1 -1 9999 9999
0 1 10000 1 1 0 1 10000
0 0 10000 0 0 0 0 10000
0 1 10000 1 -1 0 -1 10000
3 5 7 13 4 7 6 11
3 5 7 13 6 11 4 7
7 13 3 5 4 7 6 11
7 13 3 5 6 11 4 7
3 5 7 13 8 15 9 17
3 5 7 13 8 17 8 15
3 5 7 13 1 1 2 3
3 5 7 13 2 3 1 1
100 5 10 50 90 10 110 0
100 5 10 50 110 0 120 -5
100 5 10 50 0 55 4 53
100 5 10 50 12 49 14 48
100 5 10 50 12 49 8 51
