100
3 2
4 1 1 1 1
2 2 3
2 4 5
4 1
10 6 5 5 5 4 6 5 5 5 4
4 1 2 3 4
5 2 2 2 3 3
6 7 7 1 1 3 3
20 20
1 6
1 7
1 10
1 4
1 13
1 3
1 2
1 12
1 11
1 5 
2 27 26
2 19 18
2 17 16
2 15 14
2 25 24
2 21 20
2 23 22
2 29 28
2 31 30
3 1 9 8
20 19
1 6
1 7
1 10
1 4
1 13
1 3
1 2
1 12
1 11
1 5 
2 27 26
2 19 18
2 17 16
2 15 14
2 25 24
2 21 20
2 23 22
2 29 28
2 31 30
3 1 9 8
20 9
1 6
1 7
1 10
1 4
1 13
1 3
1 2
1 12
1 11
1 5 
2 27 26
2 19 18
2 17 16
2 15 14
2 25 24
2 21 20
2 23 22
2 29 28
2 31 30
3 1 9 8
20 1
1 6
1 7
1 10
1 4
1 13
1 3
1 2
1 12
1 11
1 5 
2 27 26
2 19 18
2 17 16
2 15 14
2 25 24
2 21 20
2 23 22
2 29 28
2 31 30
3 1 9 8
20 5
10 1 1 1 1 1 1 2 2 2 2
10 31 31 31 31 31 31 31 31 31 31
10 5 7 5 7 6 6 6 6 6 6
10 3 3 3 3 3 3 3 3 3 3
10 3 3 3 3 3 3 3 3 3 3
10 3 3 3 3 3 3 3 3 3 3
10 3 3 3 3 3 3 3 3 3 3
10 6 6 7 7 8 9 28 27 6 6
10 3 3 3 3 3 3 3 3 3 3
10 3 3 3 3 3 3 3 3 3 3
10 3 3 3 3 3 3 3 3 3 3
10 15 15 15 15 15 15 15 24 29 26
10 14 15 16 17 18 19 20 21 22 23
10 3 3 3 3 3 3 3 3 3 3 
10 3 3 3 3 3 3 3 3 3 3
10 3 3 3 3 3 3 3 3 3 3
10 3 3 3 3 3 3 3 3 3 3
10 3 3 3 3 3 3 3 3 3 3
10 3 3 3 3 3 3 3 3 3 3
10 3 3 3 3 3 3 3 3 3 3
20 4
10 1 1 1 1 1 1 2 2 2 2
10 31 31 31 31 31 31 31 31 31 31
10 5 7 5 7 6 6 6 6 6 6
10 3 3 3 3 3 3 3 3 3 3
10 3 3 3 3 3 3 3 3 3 3
10 3 3 3 3 3 3 3 3 3 3
10 3 3 3 3 3 3 3 3 3 3
10 6 6 7 7 8 9 28 27 6 6
10 3 3 3 3 3 3 3 3 3 3
10 3 3 3 3 3 3 3 3 3 3
10 3 3 3 3 3 3 3 3 3 3
10 15 15 15 15 15 15 15 24 29 26
10 14 15 16 17 18 19 20 21 22 23
10 3 3 3 3 3 3 3 3 3 3 
10 3 3 3 3 3 3 3 3 3 3
10 3 3 3 3 3 3 3 3 3 3
10 3 3 3 3 3 3 3 3 3 3
10 3 3 3 3 3 3 3 3 3 3
10 3 3 3 3 3 3 3 3 3 3
10 3 3 3 3 3 3 3 3 3 3
20 3
10 1 1 1 1 1 1 2 2 2 2
10 31 31 31 31 31 31 31 31 31 31
10 5 7 5 7 6 6 6 6 6 6
10 3 3 3 3 3 3 3 3 3 3
10 3 3 3 3 3 3 3 3 3 3
10 3 3 3 3 3 3 3 3 3 3
10 3 3 3 3 3 3 3 3 3 3
10 6 6 7 7 8 9 28 27 6 6
10 3 3 3 3 3 3 3 3 3 3
10 3 3 3 3 3 3 3 3 3 3
10 3 3 3 3 3 3 3 3 3 3
10 15 15 15 15 15 15 15 24 29 26
10 14 15 16 17 18 19 20 21 22 23
10 3 3 3 3 3 3 3 3 3 3 
10 3 3 3 3 3 3 3 3 3 3
10 3 3 3 3 3 3 3 3 3 3
10 3 3 3 3 3 3 3 3 3 3
10 3 3 3 3 3 3 3 3 3 3
10 3 3 3 3 3 3 3 3 3 3
10 3 3 3 3 3 3 3 3 3 3
20 2
10 1 1 1 1 1 1 2 2 2 2
10 31 31 31 31 31 31 31 31 31 31
10 5 7 5 7 6 6 6 6 6 6
10 3 3 3 3 3 3 3 3 3 3
10 3 3 3 3 3 3 3 3 3 3
10 3 3 3 3 3 3 3 3 3 3
10 3 3 3 3 3 3 3 3 3 3
10 6 6 7 7 8 9 28 27 6 6
10 3 3 3 3 3 3 3 3 3 3
10 3 3 3 3 3 3 3 3 3 3
10 3 3 3 3 3 3 3 3 3 3
10 15 15 15 15 15 15 15 24 29 26
10 14 15 16 17 18 19 20 21 22 23
10 3 3 3 3 3 3 3 3 3 3 
10 3 3 3 3 3 3 3 3 3 3
10 3 3 3 3 3 3 3 3 3 3
10 3 3 3 3 3 3 3 3 3 3
10 3 3 3 3 3 3 3 3 3 3
10 3 3 3 3 3 3 3 3 3 3
10 3 3 3 3 3 3 3 3 3 3
20 1
10 1 1 1 1 1 1 2 2 2 2
10 31 31 31 31 31 31 31 31 31 31
10 5 7 5 7 6 6 6 6 6 6
10 3 3 3 3 3 3 3 3 3 3
10 3 3 3 3 3 3 3 3 3 3
10 3 3 3 3 3 3 3 3 3 3
10 3 3 3 3 3 3 3 3 3 3
10 6 6 7 7 8 9 28 27 6 6
10 3 3 3 3 3 3 3 3 3 3
10 3 3 3 3 3 3 3 3 3 3
10 3 3 3 3 3 3 3 3 3 3
10 15 15 15 15 15 15 15 24 29 26
10 14 15 16 17 18 19 20 21 22 23
10 3 3 3 3 3 3 3 3 3 3 
10 3 3 3 3 3 3 3 3 3 3
10 3 3 3 3 3 3 3 3 3 3
10 3 3 3 3 3 3 3 3 3 3
10 3 3 3 3 3 3 3 3 3 3
10 3 3 3 3 3 3 3 3 3 3
10 3 3 3 3 3 3 3 3 3 3
1 1
1 3
1 1
50 1 2 3 4 5 6 7 8 9 10 11 12 13 14 15 16 17 18 19 20 21 22 22 22 23 24 25 26 28 28 27 28 29 30 30 30 31 1 2 3 10 9 8 7 6 5 4 3 2 1
1 1
50 31 31 31 31 31 31 31 31 31 31 31 31 31 31 31 31 31 31 31 31 31 31 31 31 31 31 31 31 31 31 31 31 31 31 31 31 31 31 31 31 31 31 31 31 31 31 31 31 31 31
5 3
10 1 2 3 4 5 6 7 8 9 10
9 5 6 7 8 9 10 11 12 13
9 1 2 3 4 14 15 16 17 18
11 10 9 8 7 5 6 2 3 4 1 11
9 19 20 21 22 23 24 25 26 27
5 2
10 1 2 3 4 5 6 7 8 9 10
9 5 6 7 8 9 10 11 12 13
9 1 2 3 4 14 15 16 17 18
11 10 9 8 7 5 6 2 3 4 1 11
9 19 20 21 22 23 24 25 26 27
20 20
1 5
1 5
1 5
1 5
1 5
1 5
1 5
1 5
1 5
1 5
1 5
1 5
1 5
1 5
1 5
1 5
1 5
1 5
1 5
1 5
20 1
1 5
1 5
1 5
1 5
1 5
1 5
1 5
1 5
1 5
1 5
1 5
1 5
1 5
1 5
1 5
1 5
1 5
1 5
1 5
1 5
10 1
2 1 2
2 1 3
2 1 4
2 1 5
2 2 3
2 2 4
2 2 5
2 3 4
2 3 5
2 4 5
10 2
2 1 2
2 1 3
2 1 4
2 1 5
2 2 3
2 2 4
2 2 5
2 3 4
2 3 5
2 4 5
10 3
2 1 2
2 1 3
2 1 4
2 1 5
2 2 3
2 2 4
2 2 5
2 3 4
2 3 5
2 4 5
14 3
24 12 4 17 12 17 30 30 24 18 7 9 27 24 19 24 3 17 6 9 7 27 27 19 23
12 13 25 20 3 22 5 7 26 8 28 12 22
1 15
20 18 6 5 11 10 8 6 5 5 5 24 14 10 9 14 29 21 7 12 9
25 8 6 30 22 31 11 11 11 26 21 1 13 17 21 25 21 5 28 15 20 6 27 16 10 18
49 28 28 23 16 28 12 18 8 9 9 6 2 5 27 13 4 13 18 13 6 12 3 18 20 31 1 26 21 3 9 2 15 23 21 17 1 20 24 13 10 26 19 6 17 13 29 23 20 12
37 25 19 22 30 8 17 10 22 16 17 4 6 30 13 4 23 21 25 1 10 1 22 29 11 2 7 9 15 14 21 4 8 20 24 19 12 10
6 18 31 21 8 26 30
46 26 11 11 24 3 14 29 24 2 15 13 3 28 4 22 22 4 20 20 18 9 7 21 14 9 2 26 15 1 30 22 30 6 20 10 1 19 25 26 8 27 1 1 6 28 12
9 28 28 23 1 20 31 11 3 15
48 24 22 7 5 31 1 6 30 20 1 13 4 16 5 13 1 4 23 4 4 19 25 8 4 10 15 10 3 12 30 14 18 30 27 5 30 17 1 28 23 31 15 15 23 4 26 24 17
21 12 5 5 5 5 31 29 11 17 28 24 21 12 25 11 13 4 17 23 5 16
19 31 30 28 13 27 14 22 30 17 26 14 1 24 22 2 5 27 20 7
49 20 23 29 4 20 16 22 15 24 28 23 8 11 8 18 25 17 13 22 30 25 21 27 5 28 30 27 25 28 21 12 4 15 1 23 13 29 17 6 16 28 8 13 6 9 31 6 6 20
6 3
14 30 15 20 1 29 30 21 13 20 4 19 11 21 30
11 15 13 5 4 30 1 11 12 31 10 14
36 10 7 10 10 24 9 29 12 19 6 9 21 14 31 15 23 14 13 23 5 22 12 10 30 17 20 5 18 30 24 19 14 23 9 28 12
25 27 12 23 31 25 4 15 12 26 16 17 27 13 24 21 18 7 6 21 4 3 15 5 19 20
6 29 13 8 28 27 9
32 31 1 12 9 30 7 6 8 6 29 17 4 23 1 3 27 6 10 3 14 1 15 20 17 28 24 15 15 10 2 7 20
3 1
35 30 12 25 15 8 15 5 6 19 23 5 26 6 11 24 31 23 29 9 2 20 24 10 21 17 31 29 14 17 16 30 11 30 8 23
11 9 7 4 13 6 25 6 19 15 30 10
35 16 10 10 7 7 21 31 30 20 25 22 11 13 26 19 27 23 17 11 11 6 10 6 18 12 3 19 23 23 3 2 9 20 11 3
18 16
22 19 11 6 3 4 21 12 25 30 20 18 20 6 11 12 31 29 10 20 19 26 26
34 25 15 30 27 29 16 19 20 12 30 8 9 21 15 6 17 26 17 9 28 6 10 18 13 27 12 12 19 15 8 30 19 28 23
31 29 6 27 25 20 17 14 19 15 8 7 14 24 3 19 13 12 2 15 20 3 19 29 4 11 23 29 22 1 18 14
49 6 13 26 21 4 7 29 22 29 11 1 30 30 9 26 21 29 11 8 28 8 11 5 30 6 27 6 14 26 25 9 15 31 20 5 17 6 9 2 4 22 29 30 1 17 7 22 26 20
26 24 10 12 12 11 24 17 22 23 4 30 23 6 31 16 5 27 27 30 17 16 20 16 17 31 19
11 25 15 20 18 4 1 2 25 26 11 13
3 6 19 13
49 9 31 20 21 19 27 10 26 25 1 4 4 7 2 30 2 1 14 26 1 27 17 4 5 21 25 22 21 7 6 30 10 15 23 2 8 5 13 1 4 24 6 22 10 12 11 2 5 15
29 13 6 14 28 22 3 14 9 27 7 17 30 11 9 9 4 13 3 7 31 2 29 8 11 4 20 8 23 1
26 21 28 15 13 20 25 10 11 22 21 20 11 1 25 14 29 26 8 21 22 17 22 18 17 25 8
6 4 22 26 23 22 1
18 6 8 3 10 14 4 28 17 2 26 15 21 31 2 1 29 1 5
14 17 26 26 30 14 29 26 26 7 16 1 12 6 3
41 10 15 28 22 29 31 20 13 2 19 12 20 23 22 24 10 17 25 21 11 24 19 2 16 4 24 23 16 13 26 2 25 5 27 22 20 7 23 8 8 8
44 12 9 19 27 17 10 18 12 20 10 25 11 8 31 23 2 5 14 24 25 7 22 11 17 22 22 28 26 28 30 18 13 17 16 8 5 25 31 22 29 26 5 20 8
15 21 10 8 19 12 19 30 10 29 25 17 24 30 22 21
16 16 12 18 26 29 4 4 16 22 4 20 1 9 25 8 28
10 9 15 18 16 10 28 18 20 21 2
5 4
29 31 4 6 31 13 18 28 20 15 2 9 20 21 4 13 4 11 1 28 8 12 2 2 6 3 24 31 7 8
22 9 20 27 22 22 20 30 1 27 10 7 23 4 28 20 13 27 14 31 10 31 11
48 30 1 22 22 20 29 17 20 1 9 26 26 4 25 11 29 31 22 1 10 17 7 26 22 10 31 29 15 18 15 8 17 9 2 30 6 19 13 6 12 30 14 2 23 22 1 19 21
42 18 22 19 5 10 24 1 31 25 28 22 24 28 18 6 25 18 20 22 4 27 17 19 22 23 25 12 4 13 30 17 13 18 7 31 8 25 4 18 24 26 25
35 18 2 7 10 17 13 5 10 26 29 30 29 11 19 18 3 15 18 28 3 11 4 30 22 18 30 9 25 29 2 24 1 24 22 2
17 8
40 1 2 15 6 21 1 3 2 15 17 8 10 21 26 30 1 12 15 21 5 7 22 28 28 26 13 4 11 1 22 29 20 19 17 7 5 28 9 26 15
5 15 23 1 14 13
47 7 9 5 21 21 21 15 8 7 8 28 14 22 5 5 28 3 16 24 29 17 9 6 24 22 16 14 7 22 29 1 15 15 2 14 22 10 17 30 13 11 15 4 23 28 6 8
19 8 21 6 26 19 10 22 4 15 17 19 13 11 28 30 6 21 26 30
12 2 21 8 17 14 19 23 30 29 30 29 5
49 26 6 12 21 28 18 5 31 25 28 25 10 29 6 22 19 13 29 21 23 25 18 29 12 30 9 26 16 23 12 1 25 9 18 26 29 7 15 12 30 30 18 20 21 29 8 19 30 28
5 28 30 10 26 30
22 19 10 26 10 18 19 1 20 22 30 19 11 23 8 11 27 19 12 30 2 11 6
40 18 17 11 12 18 16 14 22 7 30 15 15 1 26 12 6 16 30 17 22 18 31 24 11 23 31 12 2 30 15 24 29 22 9 6 29 11 30 20 12
42 27 24 4 7 21 20 2 16 25 28 17 27 3 29 20 24 23 8 27 3 26 24 29 27 29 26 13 5 21 1 29 6 11 15 26 2 14 17 21 5 6 29
33 24 6 19 8 1 19 4 1 23 31 15 23 19 26 1 23 15 1 4 23 8 15 20 5 21 23 20 20 15 14 23 5 8
6 13 11 13 4 24 29
10 23 10 26 21 15 13 16 29 16 7
1 20
45 1 31 7 27 8 6 26 27 8 21 18 9 1 20 28 6 20 28 1 30 28 30 14 20 6 6 27 31 18 21 11 27 27 19 3 25 14 28 11 9 24 6 6 21 13
42 25 12 12 12 26 11 14 22 7 17 19 20 13 26 9 13 25 21 16 10 9 25 15 29 19 1 7 17 25 16 25 16 22 31 18 7 30 5 23 6 8 8
5 2 21 9 8 31
18 8
45 27 5 25 18 13 3 5 31 10 9 21 9 25 27 18 16 4 20 31 13 9 19 31 30 28 20 30 17 5 28 31 29 12 15 25 15 5 20 15 5 11 24 14 10 5
19 9 2 1 16 25 20 8 18 10 31 31 8 25 17 12 30 5 27 20
43 19 24 31 6 9 18 30 21 9 23 18 19 10 9 23 1 28 18 24 3 20 10 24 18 12 9 31 8 1 3 9 6 21 9 17 19 23 24 8 21 30 2 6
32 24 22 29 10 2 4 27 7 21 3 29 23 15 31 26 11 16 9 25 17 10 6 21 5 6 26 6 19 26 14 6 22
30 24 7 28 17 4 8 13 20 7 26 4 23 15 11 27 8 4 10 15 28 22 20 21 20 17 2 2 18 27 11
19 20 11 21 19 9 4 31 11 26 27 22 24 13 19 17 7 22 12 18
27 21 5 9 12 18 3 25 2 1 28 20 13 1 2 13 19 13 10 2 21 15 17 6 31 15 4 13
7 11 13 24 5 18 10 2
28 3 15 1 2 27 17 24 23 2 3 27 16 10 31 12 5 11 20 26 25 12 15 1 31 30 26 30 22
46 31 6 13 17 9 26 22 21 1 30 13 2 14 16 20 6 10 24 26 7 23 10 11 18 5 17 29 23 6 11 28 22 4 5 11 17 13 13 13 17 10 12 20 14 31 24
14 22 2 1 2 2 27 6 27 4 10 7 21 28 22
7 29 31 2 22 14 29 3
2 13 4
1 14
5 19 18 17 9 5
12 20 19 11 12 2 23 23 8 21 2 6 13
1 4
43 1 8 24 5 24 9 28 26 5 19 4 21 6 3 31 11 21 31 9 11 18 4 6 24 14 16 18 15 12 5 16 23 20 7 7 10 11 21 3 7 19 16 31
1 1
19 25 16 8 24 21 7 16 27 3 17 30 16 28 23 7 22 19 19 20
11 2
22 28 31 2 16 16 20 18 10 12 19 30 14 19 17 7 27 1 1 14 14 19 24
34 24 17 22 22 13 23 30 31 29 4 31 1 30 24 15 4 13 15 6 2 5 29 20 2 21 2 21 29 23 1 29 20 29 8
47 8 15 27 14 21 28 29 1 13 10 11 28 20 31 4 29 21 30 6 25 22 14 14 3 23 31 13 19 21 5 9 10 15 15 4 26 22 8 16 14 4 27 6 10 6 4 30
37 9 9 3 1 28 20 17 29 5 1 25 10 24 31 20 22 8 9 17 18 7 2 4 20 1 11 3 15 28 23 11 8 26 31 1 16 27
43 25 7 31 6 10 13 12 26 27 23 23 4 3 23 3 29 8 27 5 24 30 29 8 10 23 17 9 28 15 14 1 26 30 31 26 19 16 27 1 28 14 27 12
36 2 12 2 28 18 16 29 28 28 24 9 4 13 6 23 30 14 1 30 8 6 27 10 13 16 9 23 6 28 6 26 20 13 17 10 16
29 3 24 31 21 20 24 22 23 30 3 10 27 16 2 1 26 20 30 27 22 28 10 15 29 16 6 12 5 2
22 22 15 10 11 9 28 22 31 22 30 8 7 30 23 12 7 9 1 19 3 18 9
8 11 6 16 21 29 4 7 16
30 17 28 30 25 2 18 30 17 24 22 27 8 26 15 28 2 9 4 15 13 24 16 8 4 2 19 28 21 11 12
25 4 18 31 21 21 13 28 9 20 4 26 29 10 9 17 10 29 14 2 11 26 31 29 28 10
7 3
11 5 23 3 28 27 22 20 2 19 2 1
3 24 30 21
16 21 2 10 2 16 24 4 1 18 1 26 21 17 25 16 15
47 28 28 1 24 3 22 15 9 22 27 3 11 14 18 3 8 11 29 15 11 26 25 21 19 10 31 20 15 24 14 5 12 6 21 30 22 13 23 6 28 12 5 9 28 23 27 7
7 27 5 2 27 30 14 12
47 6 2 22 14 18 27 21 11 15 4 24 9 5 3 29 15 26 9 17 1 22 3 30 28 13 27 29 16 19 14 31 25 6 7 13 21 5 7 4 7 6 19 2 27 8 5 14
33 28 24 13 8 7 24 2 2 21 17 1 1 27 23 30 10 12 2 28 16 25 18 20 2 6 2 29 8 18 8 25 20 7
15 7
29 20 16 22 20 11 14 24 4 2 7 30 5 16 19 16 28 11 8 21 25 28 23 25 29 12 7 2 10 24
41 27 27 26 16 8 12 31 22 13 10 27 2 18 7 4 19 5 23 20 9 21 19 8 17 6 29 29 8 17 29 8 2 24 27 18 30 12 4 24 1 21
16 10 17 24 11 29 19 19 21 21 29 27 24 10 18 10 7
40 25 16 22 19 4 15 26 23 23 22 24 7 28 13 24 5 9 16 17 31 27 21 1 3 25 24 8 28 14 17 10 29 29 19 11 22 10 18 26 10
48 9 9 19 21 10 7 8 8 16 9 28 11 17 8 9 30 28 29 21 21 3 12 11 26 7 20 12 28 19 15 13 23 15 21 29 30 30 7 13 16 25 6 24 18 3 23 14 5
40 15 26 9 23 15 26 5 9 19 13 21 10 11 17 25 6 22 22 12 29 5 11 16 8 29 22 9 24 19 27 7 4 17 5 3 19 29 1 16 18
49 19 17 17 24 6 27 10 1 21 30 5 22 13 18 19 21 24 8 29 31 30 6 7 24 5 7 18 30 12 18 13 11 10 13 11 25 2 28 16 16 4 6 22 12 12 11 20 25 29
5 3 2 31 31 17
36 30 12 26 16 19 19 27 10 28 22 15 25 21 6 30 8 12 8 12 6 17 14 9 30 21 4 20 6 13 7 13 9 26 14 6 25
30 12 27 19 7 1 20 2 9 11 22 7 17 28 23 5 18 21 29 12 24 25 5 1 15 17 6 18 31 29 3
41 15 23 8 24 22 21 6 26 16 1 4 12 1 29 27 1 10 17 13 1 2 17 12 16 5 1 8 10 16 29 26 4 28 7 15 8 31 28 16 11 3
46 15 15 14 23 28 28 3 16 15 3 16 13 2 25 26 23 17 10 4 5 17 3 23 28 14 21 13 11 16 4 17 25 2 28 5 8 20 5 11 10 21 3 8 5 27 15
5 9 5 3 7 2
45 10 10 17 21 20 3 14 25 3 20 27 18 27 14 6 31 7 3 3 27 8 30 9 24 9 22 11 20 25 29 2 29 3 1 10 4 26 7 2 11 20 28 9 7 26
41 30 2 8 17 24 4 2 10 26 2 8 13 18 29 8 2 7 16 8 26 13 23 19 23 2 12 20 5 10 25 9 20 29 20 23 20 1 11 12 17 15
6 6
50 21 28 11 23 19 1 13 23 10 4 22 14 1 4 9 29 21 18 27 31 16 26 22 26 16 4 22 15 3 10 11 22 28 13 26 27 15 19 19 18 28 4 16 1 5 25 23 20 17 19
42 2 7 13 7 15 24 4 4 1 28 19 26 12 30 28 2 9 31 15 22 29 7 11 12 31 2 21 8 5 26 5 7 22 22 13 28 27 16 12 3 10 13
10 28 4 22 2 7 22 13 28 10 17
20 22 2 13 25 17 31 25 31 21 21 17 5 27 6 17 7 19 8 19 26
47 1 16 31 7 5 8 10 14 1 5 24 15 3 4 27 26 8 21 31 21 19 29 27 11 12 13 19 4 25 16 20 18 7 5 11 29 20 29 13 22 21 22 6 19 7 20 10
49 30 20 17 1 21 21 28 15 31 11 23 19 31 15 23 16 18 26 14 14 14 16 21 4 22 19 12 6 28 18 25 3 4 18 17 20 13 14 28 9 8 4 17 30 10 6 5 14 8
13 12
9 3 24 21 23 15 25 10 21 18
9 11 12 2 11 5 5 20 16 5
26 21 22 10 27 24 5 20 20 1 11 13 30 23 19 27 15 21 29 18 29 16 12 12 18 30 20
43 8 20 1 18 21 26 3 24 30 11 2 14 28 4 7 19 24 11 20 18 2 28 22 17 14 19 2 25 18 30 2 27 19 2 11 8 22 2 3 25 7 17 24
50 19 31 2 3 29 27 7 13 25 2 10 11 20 29 3 16 11 21 28 5 21 26 3 26 16 8 10 22 2 7 18 10 12 21 9 26 20 15 12 16 3 31 14 16 23 10 19 30 3 9
17 17 23 23 21 8 7 15 8 8 30 23 20 11 1 23 18 1
24 25 23 15 14 20 18 6 8 5 18 16 17 1 26 25 20 6 28 19 30 15 19 5 15
32 30 11 26 21 4 24 17 16 20 18 13 26 26 2 3 12 8 3 31 4 28 30 11 9 27 26 19 23 13 15 28 13
27 24 24 23 2 25 6 2 16 19 14 26 24 18 28 23 9 24 20 13 13 1 22 18 14 10 20 12
18 1 9 24 11 24 1 13 8 3 1 2 19 28 18 28 4 7 25
45 2 26 19 30 5 12 27 6 3 26 7 29 11 9 3 7 17 15 8 27 8 5 21 6 5 24 3 12 12 10 14 23 30 7 18 25 11 24 30 11 2 7 18 7 23
24 7 17 31 18 21 18 16 5 24 1 24 24 4 9 26 1 9 13 28 26 25 22 12 23
17 7 28 1 22 23 13 19 22 19 23 18 14 23 8 6 10 4
18 14
24 26 14 20 26 9 29 7 6 14 12 19 19 23 23 6 25 9 11 11 26 29 11 4 1
18 30 9 28 30 12 28 12 3 13 3 29 16 8 28 21 26 12 4
50 18 16 5 19 21 4 12 22 23 10 8 27 13 21 4 12 9 17 30 3 13 8 28 26 6 23 16 31 26 15 16 2 13 24 29 14 20 25 17 14 16 4 4 30 19 19 31 27 3 13
45 15 19 30 7 23 11 20 27 29 21 13 6 15 4 2 14 21 27 5 7 24 24 12 16 27 15 7 7 26 17 3 31 12 29 15 13 28 24 17 10 22 18 21 16 24
23 17 26 5 25 22 9 8 23 18 9 17 31 27 17 23 24 8 12 31 24 31 22 30
22 21 22 6 6 11 9 17 23 26 13 19 2 30 8 29 18 18 20 17 12 24 31
26 31 5 3 16 31 30 6 2 17 24 26 17 7 29 7 20 7 20 5 2 8 3 31 13 14 12
45 7 19 14 14 8 30 7 26 11 2 31 5 23 17 24 1 26 16 10 6 9 20 25 26 15 8 31 15 18 10 3 27 31 17 12 4 14 27 13 26 30 29 1 24 8
4 14 7 3 30
11 14 9 5 31 29 12 14 17 27 30 26
41 23 4 10 22 21 2 5 6 2 1 17 14 27 27 5 23 30 27 15 8 10 11 12 23 10 7 9 9 25 4 31 7 29 3 20 26 15 14 14 19 13
42 3 1 4 15 18 30 23 21 23 17 28 30 11 23 5 15 31 1 17 2 15 2 17 13 29 18 31 15 26 19 9 31 6 8 18 17 22 26 29 1 6 30
43 12 14 22 3 2 23 11 11 25 1 22 26 25 23 1 31 13 27 5 27 14 13 22 13 19 29 6 14 24 29 9 22 19 26 20 16 11 24 17 12 26 23 14
28 26 19 9 1 1 1 29 6 9 1 20 25 21 4 29 22 18 3 2 12 15 7 4 30 16 28 30 19
13 27 7 29 8 22 17 24 15 3 10 24 27 31
10 19 18 29 9 20 22 9 24 7 20
29 25 23 14 8 27 8 17 29 18 7 17 18 19 20 8 11 8 22 6 27 23 20 4 30 4 19 17 24 4
39 13 16 15 26 6 29 7 17 19 11 17 7 28 11 19 4 19 23 24 6 19 20 16 22 26 17 4 24 16 20 21 9 8 10 26 14 17 16 16
18 2
35 3 1 2 4 29 6 29 1 13 13 26 1 17 30 26 6 21 30 7 9 8 6 31 13 31 22 25 5 6 25 18 19 2 9 4
6 9 11 20 29 4 17
29 13 28 2 25 20 24 13 14 3 14 9 31 12 3 8 15 13 2 11 22 10 27 19 4 19 23 20 6 31
17 11 8 31 9 9 25 9 9 21 20 8 2 22 28 6 25 9
47 25 19 2 9 13 5 13 4 23 26 30 9 14 6 24 20 7 5 16 8 19 26 8 28 13 13 14 5 26 15 20 26 30 10 6 25 18 7 31 8 18 8 30 21 13 22 15
15 22 15 10 20 13 16 16 31 30 12 20 14 24 15 28
20 3 10 29 29 23 15 21 5 23 4 19 21 4 19 22 3 1 16 3 27
5 12 21 26 8 27
37 16 20 21 6 26 5 4 30 29 22 4 15 30 18 5 8 15 7 21 23 4 19 13 12 15 28 29 25 6 14 31 29 10 23 27 3 5
43 11 12 27 17 13 30 6 10 7 30 14 9 4 15 23 30 15 26 12 28 31 22 24 25 30 24 15 10 5 13 29 12 28 31 25 12 7 1 5 2 11 29 16
33 10 6 30 5 30 31 7 17 10 23 8 15 13 1 11 2 30 25 21 28 11 24 18 5 19 12 25 14 22 28 13 2 7
40 19 14 11 18 15 1 19 9 13 23 1 23 22 14 9 31 24 17 1 22 7 6 4 31 13 21 5 13 12 1 22 4 9 5 15 14 18 10 30 24
36 29 26 7 2 21 26 11 3 13 8 3 27 24 28 23 4 6 28 10 25 24 5 26 25 24 15 27 18 1 22 22 2 3 3 22 24
22 12 21 26 7 24 16 23 6 5 23 14 25 22 17 19 22 24 6 24 19 2 12
41 22 1 11 23 17 21 11 24 13 6 7 26 14 28 2 18 8 8 9 5 9 17 9 16 20 1 5 27 26 31 17 28 21 31 9 28 1 14 2 12 12
9 8 8 22 24 26 8 31 30 19
11 1 28 26 22 26 16 22 12 23 24 9
25 31 18 4 24 11 20 21 25 26 13 2 22 5 6 17 12 20 20 12 25 3 3 27 20 15
11 4
46 16 10 21 13 3 1 8 31 21 15 22 30 31 13 21 15 13 14 26 5 10 12 31 16 22 17 20 12 28 3 21 4 19 3 7 10 1 31 15 17 20 31 19 24 22 9
29 26 12 27 12 21 18 22 21 21 6 1 8 26 26 6 11 3 6 12 17 16 5 14 14 23 2 17 25 12
30 6 31 14 25 24 22 17 29 18 25 29 8 22 19 17 8 7 26 8 27 21 5 5 11 6 3 8 1 6 27
40 1 21 30 25 3 8 29 4 2 2 7 20 3 14 25 14 26 24 30 6 13 7 1 9 21 20 25 29 1 8 18 27 23 18 17 18 23 1 6 6
17 6 17 22 25 19 19 12 16 26 7 23 18 31 19 23 26 28
18 3 18 20 6 8 19 23 18 14 19 2 28 22 26 23 24 13 30
49 24 5 24 23 11 15 13 21 27 6 16 9 14 28 30 11 20 2 18 14 25 11 14 29 26 14 22 11 29 15 12 1 6 18 5 5 21 9 2 14 8 5 6 27 9 16 29 15 3
50 30 5 22 5 3 17 29 16 7 14 11 2 17 30 18 5 18 29 30 2 18 5 6 4 19 18 1 29 17 24 25 9 6 31 12 17 4 25 25 16 4 5 2 5 3 10 26 15 8 29
27 13 26 11 14 18 4 30 12 16 11 16 31 4 2 18 25 19 10 28 11 12 11 2 30 24 15 18
48 20 4 17 3 24 31 7 9 4 22 7 18 4 28 26 22 1 20 25 14 11 8 17 23 8 6 14 29 23 18 21 31 31 2 11 3 6 27 16 22 16 4 24 19 16 5 21 25
5 29 26 14 4 8
15 10
18 2 26 3 4 22 11 19 30 14 10 16 7 2 30 23 21 25 11
15 1 7 28 5 8 23 27 5 25 28 28 23 15 6 31
37 4 15 31 24 26 18 24 6 2 5 7 14 30 20 22 20 14 4 3 1 9 20 13 30 4 16 14 17 23 12 30 8 1 7 31 31 13
37 28 25 26 29 4 25 5 5 15 12 16 25 24 4 11 6 27 2 25 25 14 17 31 19 23 7 6 4 16 15 21 12 11 8 2 24 18
35 21 22 29 4 9 9 27 21 17 27 13 13 30 31 24 9 9 24 29 25 2 26 16 9 31 31 12 13 19 6 9 16 12 25 28
40 5 19 21 8 3 18 22 3 23 9 20 25 8 19 28 14 29 21 20 20 3 2 18 14 7 2 16 27 3 8 9 3 27 20 19 19 25 25 13 11
16 17 27 19 20 10 20 9 1 4 29 8 6 15 28 23 10
27 19 10 21 6 31 19 9 14 31 7 17 11 10 15 11 31 2 25 31 4 2 20 7 29 1 19 30
22 11 26 29 15 11 10 26 25 26 20 21 19 17 4 3 22 8 8 25 15 18 3
1 21
50 6 22 21 10 14 11 4 22 22 13 5 29 2 23 4 30 13 14 19 24 23 6 28 31 28 16 14 12 29 26 11 6 16 30 19 3 11 9 15 5 29 13 1 21 18 20 15 19 5 29
43 1 14 24 3 16 27 17 28 30 10 9 6 4 6 13 12 23 22 25 14 29 31 24 17 17 23 22 3 5 31 8 25 13 27 24 19 1 11 30 21 17 21 13
50 30 28 5 26 26 31 10 19 8 11 30 13 29 11 17 29 18 24 17 11 16 17 16 26 6 12 22 1 9 3 12 29 13 11 13 17 3 20 10 12 30 24 5 29 20 2 27 12 24 10
6 1 19 28 13 19 14
48 27 1 23 16 25 15 27 17 21 22 8 2 31 16 1 17 21 24 8 13 9 14 3 5 4 19 5 7 23 22 13 23 29 27 18 10 4 22 13 5 19 15 4 1 20 8 24 17
14 14
29 18 26 14 6 7 10 14 26 23 18 2 8 27 30 22 22 6 29 22 5 26 7 25 7 17 20 28 23 14
40 3 28 7 4 22 31 20 21 9 26 23 17 9 5 31 20 8 26 23 31 17 27 13 6 1 1 15 17 10 10 7 18 27 10 12 7 27 14 13 4
49 29 21 30 31 7 10 2 12 15 3 4 24 4 25 31 12 31 11 13 31 15 23 15 17 15 12 9 21 31 21 29 4 21 30 8 19 16 10 24 23 19 20 1 31 14 15 2 17 27
5 15 3 10 22 20
40 18 27 22 22 31 10 4 21 12 27 16 19 12 19 31 5 3 18 29 23 6 28 21 10 31 9 1 28 10 7 30 3 3 16 5 26 23 17 4 22
25 31 14 31 25 24 27 17 27 5 29 31 3 17 16 21 31 26 19 23 8 11 28 31 6 19
15 19 25 12 15 31 8 2 17 22 21 7 4 25 26 24
19 25 1 22 30 3 8 22 10 25 23 26 2 29 17 10 8 26 11 22
22 15 7 1 13 24 4 3 5 9 30 21 29 10 11 10 26 26 11 3 19 13 31
21 20 26 16 1 15 6 8 3 19 4 11 12 17 12 10 6 14 26 5 22 17
37 24 1 28 19 14 8 4 16 15 18 14 20 26 22 15 19 8 5 26 1 6 17 4 8 20 2 16 6 15 20 11 7 23 13 27 2 28
4 23 29 14 10
34 2 12 12 18 28 15 15 26 12 31 14 9 17 19 5 1 29 6 21 12 9 30 18 5 22 2 16 10 19 1 4 26 7 26
28 11 13 1 31 23 23 15 23 19 28 20 1 13 23 27 1 19 31 6 11 14 24 3 9 4 15 19 21
10 6
6 13 14 17 23 9 12
50 11 18 21 5 13 13 30 22 9 1 27 21 24 21 12 8 20 6 31 11 17 17 6 1 1 27 7 12 31 28 8 22 26 24 6 29 7 31 3 26 15 14 27 10 16 17 6 15 10 15
7 4 11 28 5 10 22 9
45 13 4 28 13 17 6 30 31 6 15 26 7 6 18 6 28 19 6 14 13 30 22 31 22 1 11 24 9 20 16 21 7 30 29 18 8 28 4 14 25 5 8 29 17 14
6 5 31 9 15 23 2
33 8 18 18 23 14 3 5 20 12 12 21 6 28 26 17 2 5 18 18 15 15 25 3 25 24 12 21 23 7 9 25 30 8
39 11 6 27 14 24 20 6 8 21 17 6 3 31 3 2 31 31 22 1 30 9 25 12 21 5 14 14 18 22 16 4 4 10 25 23 3 28 8 2
28 3 19 6 30 30 16 23 19 3 2 4 21 11 23 16 1 5 26 19 1 5 26 22 16 16 4 29 12
32 5 5 7 9 17 27 19 22 8 1 4 11 29 8 28 25 31 10 11 27 26 22 3 10 25 13 20 10 22 16 29 28
2 2 2
18 15
19 19 10 8 8 7 4 28 30 13 23 26 1 31 29 3 12 12 6 16
10 19 12 3 1 13 17 8 17 16 28
7 7 16 30 9 23 28 23
1 23
40 6 8 16 4 18 9 24 19 2 13 1 19 2 30 2 5 10 14 30 13 27 5 15 21 13 27 23 29 22 2 30 20 26 3 27 7 10 11 29 9
15 14 26 31 31 11 5 29 17 29 10 23 11 18 23 9
1 19
29 12 13 28 5 11 9 17 11 11 15 4 28 29 25 4 25 15 16 25 7 10 22 4 11 1 21 13 29 3
14 14 11 21 25 20 28 26 27 15 14 29 13 14 31
6 29 16 31 23 6 4
49 17 6 21 29 5 1 27 17 13 15 23 16 23 12 15 3 10 31 22 6 4 15 17 5 9 12 8 29 13 23 13 14 7 13 17 8 11 20 31 21 26 22 8 31 28 19 25 6 4
44 13 14 12 5 23 24 17 18 29 9 14 31 2 12 20 26 19 1 19 13 25 19 17 2 24 8 31 19 19 19 19 22 5 30 15 26 17 8 20 17 9 6 28 3
31 25 19 16 18 19 13 4 19 8 9 23 19 23 17 15 19 5 23 29 21 21 3 8 3 3 22 17 5 24 25 9
29 11 9 3 26 4 20 1 24 25 8 18 9 20 29 1 13 7 20 25 5 13 10 1 1 18 18 12 16 27
24 27 1 25 8 5 19 17 17 3 27 21 7 25 25 16 16 24 16 22 14 8 25 15 10
21 18 23 28 3 4 24 21 19 30 14 20 20 19 11 21 26 2 19 3 17 20
27 30 10 15 16 29 11 7 22 1 18 28 22 16 22 26 7 24 2 29 10 19 14 17 7 10 2 25
37 11 11 26 10 14 27 24 4 1 17 26 18 8 11 9 6 4 15 2 14 17 13 20 17 23 8 31 15 28 5 8 24 14 11 22 12 1
7 5
1 17
5 17 12 11 22 3
8 19 3 26 2 12 24 6 21
29 29 21 26 1 27 17 16 12 29 8 8 2 14 30 8 5 15 8 4 30 23 10 3 15 28 13 15 9 29
44 7 29 12 19 2 15 4 25 3 23 4 20 3 11 25 6 3 7 16 17 30 17 13 19 10 2 3 23 6 22 8 26 14 28 15 27 22 31 16 3 17 28 15 12
31 31 4 17 7 11 31 9 5 11 6 15 7 27 6 1 15 8 24 19 16 30 17 11 18 15 20 12 15 8 27 2
17 14 6 10 1 20 25 30 6 23 27 24 6 8 25 29 10 15
9 7
10 2 16 19 1 20 19 2 21 9 20
44 22 11 16 7 7 5 27 21 8 26 22 28 21 29 22 29 31 16 11 27 8 5 21 16 4 29 20 13 31 27 9 2 17 25 5 6 26 25 6 24 15 5 19 1
5 16 20 5 6 18
30 4 30 2 2 4 27 9 16 5 13 6 15 8 2 11 11 31 22 3 23 15 28 25 8 18 27 20 6 10 2
16 25 4 5 9 16 4 27 1 6 17 13 17 24 21 5 6
11 7 13 10 14 31 3 29 7 11 31 13
4 22 13 14 4
34 25 30 4 3 16 29 1 9 30 10 16 11 10 30 11 18 5 18 22 16 19 23 3 2 28 12 12 20 24 26 7 2 10 8
3 2 3 30
11 7
42 22 7 11 27 24 7 26 26 13 6 24 24 25 24 28 11 27 2 14 11 24 8 7 13 5 16 31 23 28 24 18 29 9 29 14 15 13 8 6 23 3 6
37 23 31 18 16 11 21 8 16 29 20 20 17 24 21 24 27 24 9 14 10 13 23 10 25 17 23 4 19 1 17 2 2 19 25 10 16 11
47 27 12 27 23 10 11 28 31 13 1 22 30 10 27 16 2 23 23 27 29 24 4 18 3 16 18 28 5 20 13 24 6 12 24 26 28 13 11 19 15 11 7 7 19 30 26 23
25 9 11 19 25 1 23 19 18 18 25 31 24 3 13 10 10 13 21 18 24 9 2 16 27 29
45 25 24 1 24 15 28 7 7 29 12 18 24 18 13 29 23 30 10 11 8 18 5 4 10 24 20 26 28 6 26 20 30 28 29 23 2 24 10 22 23 3 3 17 27 26
40 15 22 13 16 18 20 7 15 31 31 15 25 28 20 5 4 26 28 24 4 11 27 1 29 22 6 17 19 14 20 28 15 8 29 28 23 11 26 8 25
17 7 30 13 29 11 4 11 12 31 5 19 23 26 4 21 21 22
13 30 12 29 6 5 6 4 4 22 5 25 28 24
7 19 2 28 4 15 27 28
2 6 23
9 2 26 31 1 10 12 2 17 27
6 6
10 19 13 12 28 17 11 10 18 5 20
9 29 24 1 26 31 17 23 30 9
2 5 9
35 25 11 13 4 2 31 15 18 18 30 14 15 6 9 13 28 20 23 23 26 16 5 5 5 5 1 28 29 28 27 21 9 20 18 4
29 14 21 21 23 9 14 13 14 15 31 26 14 27 27 24 26 12 12 9 25 19 10 15 11 24 1 7 27 30
20 2 7 17 19 10 12 7 24 30 7 14 10 22 19 4 21 22 10 18 11
20 19
15 1 26 12 25 19 30 29 9 22 26 5 22 1 27 1
5 24 17 6 7 2
26 20 23 1 6 11 5 5 23 17 29 28 29 7 2 10 12 21 14 2 3 25 31 3 8 10 31
8 1 2 7 7 18 13 22 2
11 26 4 18 14 13 4 24 5 28 16 14
43 27 27 13 20 4 1 29 25 12 19 9 8 26 14 14 5 9 26 19 25 6 19 16 10 29 12 1 9 17 4 4 6 17 24 22 7 7 16 31 12 5 21 10
3 26 27 1
3 26 7 9
14 22 21 6 31 27 24 30 26 20 1 27 19 24 17
11 25 14 21 5 11 14 8 24 16 6 15
13 15 12 29 27 1 5 26 3 21 29 15 26 2
47 19 31 4 5 20 12 3 20 2 23 7 5 11 2 28 14 27 1 7 17 22 9 3 5 19 7 2 12 5 9 23 13 24 11 13 3 22 28 25 3 28 15 7 28 19 21 16
42 11 30 16 23 3 4 12 31 7 9 31 30 29 10 25 7 2 18 31 12 30 5 8 17 28 24 15 25 4 9 5 26 10 17 16 12 26 8 3 5 28 7
26 30 21 22 5 19 6 26 24 18 27 5 1 30 20 1 30 29 2 18 5 30 22 11 21 17 27
26 15 1 4 11 7 22 27 24 31 19 16 9 7 17 31 7 23 31 17 29 1 23 10 29 13 11
17 7 31 17 24 18 11 18 7 8 2 22 13 4 1 6 5 26
41 10 27 17 31 20 27 2 6 26 19 26 19 28 6 2 11 18 27 23 1 1 9 14 4 20 15 27 26 13 12 7 7 1 25 13 12 3 11 17 20 19
42 25 25 30 10 27 18 16 6 6 31 29 6 24 8 22 2 29 22 25 13 16 29 30 16 4 11 28 10 12 24 12 23 16 4 16 8 9 6 23 20 14 14
8 16 23 24 28 7 8 23 18
17 30 9 23 22 3 25 9 11 25 15 14 16 28 9 4 10 20
6 6
13 19 24 24 6 10 3 29 1 13 13 13 3 31
43 4 1 15 6 18 19 23 14 16 9 25 6 4 4 27 3 29 19 1 11 31 13 29 8 21 7 15 10 1 29 29 12 22 28 18 1 29 28 1 18 29 2 23
50 9 12 6 5 2 30 17 22 9 7 22 14 9 25 14 11 21 25 21 20 3 5 14 7 18 31 12 16 23 29 25 23 23 31 6 17 31 19 7 9 1 2 21 17 6 23 19 26 20 8
28 24 4 20 19 15 11 23 24 2 27 26 26 28 31 23 24 29 5 18 19 14 15 16 16 2 12 3 2
5 23 12 7 20 24
36 11 3 18 26 20 3 25 12 3 7 21 8 28 12 17 8 2 24 17 7 14 27 28 18 4 3 16 18 22 25 12 4 10 15 12 1
14 12
11 30 10 29 31 29 27 31 17 8 3 22
38 29 11 1 9 19 24 17 1 8 24 4 8 9 5 2 12 31 15 3 29 20 15 17 30 31 31 10 21 3 1 9 10 9 4 24 20 11 22
12 16 30 23 26 28 13 18 15 24 1 25 5
12 7 30 11 16 5 29 19 20 31 22 13 3
19 22 11 27 18 12 25 13 22 6 30 12 14 4 10 19 11 25 20 28
4 20 9 17 22
14 28 4 30 19 11 31 26 19 15 23 29 7 6 29
3 12 21 7
47 17 7 18 24 12 2 16 5 30 8 9 15 30 2 2 26 9 27 15 6 14 3 5 26 7 17 17 18 15 20 23 26 29 24 16 9 4 8 26 21 29 24 30 25 10 15 17
11 6 2 24 8 14 24 6 30 31 19 2
17 6 26 28 11 13 7 7 28 24 13 9 29 2 16 30 7 24
49 9 2 15 27 17 22 6 31 19 26 5 7 27 9 16 10 8 4 5 9 7 7 1 5 11 11 21 7 26 1 16 19 27 21 21 31 5 9 12 19 5 3 6 19 18 30 3 14 19
8 2 26 11 14 6 4 20 25
42 6 1 12 5 14 29 31 16 19 5 15 24 30 28 24 14 18 17 21 22 18 28 14 18 19 24 31 25 3 22 11 7 25 26 8 22 31 31 6 31 11 23
4 3
34 7 9 5 11 11 25 5 29 25 18 16 24 26 9 28 13 24 19 27 28 10 16 18 17 21 20 27 24 3 10 19 16 28 29
16 24 31 6 25 17 10 18 19 12 16 12 21 14 20 29 13
21 26 22 25 24 14 20 18 5 31 19 9 28 16 25 17 23 23 29 26 6 31
37 17 2 5 9 3 11 22 8 10 8 24 14 23 22 17 31 7 30 22 4 1 28 9 18 14 29 31 14 16 4 22 20 12 9 22 26 17
3 3
14 9 5 20 28 3 13 13 28 25 18 28 26 31 14
43 18 28 14 17 3 12 20 16 12 14 26 3 19 22 30 19 4 10 2 3 13 10 27 24 28 28 12 4 20 18 5 31 15 25 24 7 13 4 18 10 29 19 29
15 14 16 29 31 12 22 25 27 27 16 2 17 26 13 21
9 8
17 6 16 18 14 4 26 21 13 17 15 29 12 29 22 28 4 25
19 31 14 21 13 13 6 19 4 14 23 24 13 6 22 22 15 14 2 24
23 3 13 27 13 23 9 4 24 30 5 22 30 29 8 14 5 25 30 17 24 10 5 5
6 27 3 11 7 19 31
29 16 20 15 12 1 20 9 31 27 16 26 31 16 1 3 11 30 8 9 10 26 21 24 4 2 26 23 24 3
6 23 3 5 25 8 13
41 21 21 13 18 31 11 18 16 1 13 14 26 20 23 16 2 26 7 25 20 12 5 20 19 31 22 18 27 30 4 2 27 14 9 27 24 26 11 28 3 21
6 24 28 12 4 18 22
48 29 5 21 28 20 31 24 21 10 15 21 25 3 12 31 24 8 28 26 17 15 8 14 18 26 17 31 22 21 22 14 19 16 12 12 24 16 17 18 27 21 26 26 19 23 29 21 21
20 8
1 11
46 27 13 1 17 4 24 17 7 16 8 10 30 17 6 3 6 8 29 1 28 6 19 7 31 13 21 31 3 11 26 12 8 15 14 15 15 5 9 30 22 24 18 5 16 6 9
27 31 17 7 13 7 15 9 28 23 17 13 31 12 15 7 7 6 11 18 13 7 22 14 21 29 10 24
22 31 13 16 6 13 4 14 11 23 13 25 6 4 22 4 2 16 6 17 26 24 5
27 13 21 14 3 28 28 21 30 10 5 19 11 8 22 10 17 19 1 13 17 9 5 11 7 16 5 5
13 27 4 7 13 25 10 26 14 22 22 16 12 30
3 22 4 30
33 6 18 20 18 12 4 19 16 5 17 26 1 16 9 29 20 9 17 16 12 13 5 27 4 26 11 27 10 3 9 8 7 22
9 10 16 9 2 4 31 9 14 16
26 3 23 5 20 6 27 13 20 30 29 9 28 9 5 4 19 15 10 6 9 11 22 5 15 8 30
30 24 1 23 17 3 5 8 7 30 10 19 7 12 23 23 22 26 29 30 20 28 13 14 4 10 11 7 25 3 2
9 8 23 27 12 21 28 27 2 22
19 31 11 7 18 2 8 17 11 1 8 9 1 25 3 7 23 27 12 26
19 14 5 29 20 16 27 31 2 27 3 1 5 26 17 3 16 15 16 9
44 14 31 1 24 19 10 30 27 10 6 4 19 15 7 22 25 22 16 21 7 10 12 21 18 27 22 18 22 28 25 5 21 16 28 9 9 10 1 4 31 2 9 23 26
44 29 27 30 3 8 20 27 26 28 27 4 24 31 20 13 11 12 1 14 15 27 8 31 12 12 1 4 26 16 17 14 11 3 8 29 11 5 17 30 4 9 25 22 23
47 11 5 15 13 28 10 10 17 30 19 17 13 7 4 1 26 30 7 5 16 11 7 30 4 29 9 19 1 4 9 20 4 20 8 17 15 15 9 1 19 19 8 8 4 20 20 30
24 25 26 21 25 9 23 27 27 9 22 17 25 24 9 14 25 29 28 10 5 10 14 16 29
29 19 21 14 11 23 9 12 7 16 28 1 1 30 28 28 15 4 3 23 21 17 13 10 19 18 16 5 29 31
29 25 27 19 14 9 25 21 13 1 17 10 31 14 14 31 30 27 5 22 11 5 8 19 13 1 14 7 2 7
11 6
26 5 10 25 8 20 12 6 3 3 7 29 6 12 7 5 9 19 11 28 16 26 23 5 17 18 30
31 30 26 24 2 21 1 21 23 12 27 11 31 31 13 31 23 13 18 3 6 8 19 6 14 20 21 10 18 16 24 13
13 3 7 27 10 28 27 31 18 13 16 11 12 17
26 25 28 20 24 2 9 3 2 29 21 21 5 12 5 9 3 4 7 4 4 4 6 4 14 21 14
43 28 7 11 12 25 24 27 28 22 11 1 13 30 20 5 8 30 18 9 23 8 3 7 30 9 11 18 15 8 22 18 19 30 1 27 20 1 30 3 29 3 12 10
46 24 18 3 20 15 26 24 12 25 4 9 28 8 20 22 7 5 4 4 7 2 15 12 5 28 30 17 23 29 7 24 25 3 13 25 6 30 18 3 8 31 9 1 20 11 27
18 27 5 3 28 16 24 5 10 5 5 10 13 10 26 21 9 26 13
5 6 7 21 1 31
17 26 17 24 23 22 21 12 5 21 28 13 19 21 15 28 23 4
44 26 6 12 1 20 6 19 18 4 21 30 19 29 29 3 13 15 27 3 30 2 24 1 15 11 31 9 27 22 14 2 25 1 31 27 24 5 22 7 9 28 20 26 9
42 5 31 2 2 29 19 31 20 20 22 7 13 26 3 26 24 30 17 10 16 15 23 8 12 10 5 30 21 21 9 18 21 16 12 18 26 15 20 25 31 17 11
14 7
37 16 27 3 23 27 1 20 21 18 9 11 29 22 20 16 18 15 13 5 19 18 11 20 14 27 13 7 9 12 15 17 4 22 25 13 2 14
8 12 7 3 28 26 2 24 4
12 25 4 19 4 31 29 20 7 24 3 7 28
25 13 29 4 17 1 9 21 18 29 19 5 28 29 30 19 15 9 2 2 18 13 20 19 3 15
31 31 16 1 6 9 16 19 5 14 11 21 30 22 24 3 29 7 11 1 25 1 29 20 11 15 6 26 29 22 28 6
17 2 29 4 7 14 1 14 12 14 9 5 8 11 9 20 27 31
47 5 1 11 28 10 20 9 17 8 19 17 1 1 19 3 2 14 18 22 24 14 17 30 22 11 27 4 22 1 6 21 24 21 11 28 27 2 27 19 6 3 12 5 20 4 30 8
44 4 5 31 4 27 18 1 30 25 7 26 10 12 13 3 13 24 24 28 16 11 26 15 7 8 15 16 23 17 24 2 18 25 20 20 21 12 18 17 19 21 23 28 16
41 5 27 31 27 4 19 27 13 8 26 26 15 10 11 26 23 8 31 13 7 5 14 13 11 26 18 26 16 10 17 29 6 1 24 30 4 28 20 3 10 24
10 1 11 23 25 27 13 17 28 10 15
31 17 26 19 29 14 5 5 19 10 31 28 22 7 31 29 26 3 2 5 28 1 19 21 10 7 19 12 19 27 6 16
18 19 10 18 30 17 29 13 23 12 9 2 29 1 14 16 28 8 2
13 15 20 3 18 9 1 1 7 4 3 8 2 24
3 21 14 11
8 6
21 27 13 8 28 2 15 28 3 21 14 31 28 24 16 25 4 28 30 23 18 14
23 14 16 27 18 27 24 27 25 19 9 28 22 8 14 23 15 13 15 17 24 16 9 11
4 11 3 11 24
7 25 6 15 19 22 23 17
1 29
50 10 3 15 18 23 1 18 25 4 19 10 4 13 28 3 10 7 20 30 10 24 10 27 29 15 16 27 28 21 11 17 30 21 25 14 8 6 19 16 31 8 30 11 10 2 3 4 20 25 14
26 19 27 5 4 22 13 7 18 3 23 16 13 22 7 5 1 18 27 23 16 29 15 17 12 20 23
28 9 14 31 1 30 4 11 24 21 2 22 20 3 6 24 20 4 3 8 25 30 6 21 13 17 24 9 21
19 12
44 4 30 17 12 29 1 31 31 11 16 25 3 12 12 6 23 30 28 22 10 20 18 19 1 27 1 20 11 22 31 11 23 20 23 16 11 8 3 6 30 10 28 19 25
43 28 27 29 7 6 24 13 4 11 15 2 23 17 10 3 16 17 29 1 20 3 23 14 6 31 29 9 3 11 16 23 9 22 1 7 7 14 9 27 3 22 5 25
8 5 4 25 20 22 18 20 22
3 8 22 23
41 3 30 5 28 6 6 26 18 11 5 4 8 1 18 9 25 2 6 25 14 24 5 28 9 30 12 30 7 2 14 19 15 28 21 6 16 15 17 29 9 10
17 5 5 24 12 23 9 6 27 21 6 22 2 2 10 25 5 16
23 28 28 29 31 6 24 1 30 11 5 28 30 3 18 28 17 25 8 4 1 26 26 24
11 24 17 25 5 3 27 15 6 6 7 10
26 3 17 2 2 27 30 4 29 16 24 1 8 11 12 8 10 14 9 18 7 14 5 28 14 27 23
49 10 25 13 4 24 3 15 9 12 10 18 2 21 10 12 6 10 17 19 8 12 9 12 20 30 5 11 10 10 23 19 29 22 13 30 17 11 17 6 24 14 27 31 21 12 26 4 6 13
27 11 3 21 10 17 22 2 8 28 7 1 9 7 20 10 20 17 31 1 19 15 6 2 13 27 2 10
49 4 27 17 30 27 9 22 26 31 11 31 10 10 4 31 9 8 23 1 13 27 18 19 28 11 4 16 25 5 21 2 11 31 17 3 15 4 18 2 12 24 28 16 20 17 6 31 9 6
37 6 12 13 20 24 13 23 14 14 21 31 25 17 14 20 23 16 12 7 20 17 8 5 20 17 8 14 31 17 28 26 1 25 24 4 18 6
45 14 19 14 18 24 4 15 4 2 9 1 28 7 7 7 31 26 8 12 22 14 11 23 31 11 11 4 1 2 11 5 18 28 15 2 6 12 12 15 6 4 21 13 17 6
1 26
32 26 29 11 4 14 6 6 19 11 15 15 23 26 25 4 21 25 23 26 18 1 21 23 31 30 20 11 3 10 15 12 23
27 30 28 1 11 22 23 21 5 17 27 23 23 4 16 22 18 14 17 28 20 27 21 31 9 8 28 31
19 26 5 8 7 8 24 16 3 1 19 4 10 13 13 4 27 23 23 15
5 31 22 17 8 29
17 4
4 7 3 17 3
17 12 16 26 26 18 15 14 12 27 25 3 1 28 27 25 24 20
28 21 28 4 26 24 24 13 3 8 19 24 21 6 18 21 31 24 15 26 18 8 9 5 4 27 27 6 26
23 28 18 26 3 14 19 9 1 12 11 2 17 24 11 2 5 26 21 17 16 8 13 5
31 2 19 14 7 12 9 20 28 18 18 16 16 1 28 22 26 14 25 24 27 18 12 21 30 2 3 21 24 22 22 12
41 19 8 15 2 13 23 16 1 30 25 18 30 25 19 6 14 28 30 5 6 31 29 23 30 19 6 12 26 12 9 13 1 4 20 31 17 16 19 16 31 31
45 15 16 25 26 17 3 22 5 10 23 7 12 20 9 9 16 26 22 27 10 17 2 6 16 27 24 12 19 8 27 27 5 17 20 12 5 11 1 4 23 18 17 24 9 11
38 25 29 14 17 15 24 10 17 2 9 29 16 14 28 17 21 16 25 3 22 12 12 6 17 15 25 23 27 31 7 16 29 14 24 16 18 30 10
21 2 4 8 9 10 20 3 21 30 22 6 26 1 31 12 9 6 7 18 22 25
33 8 25 27 23 22 20 28 1 16 7 2 12 14 20 12 16 26 31 30 12 6 16 24 19 20 20 13 31 19 13 13 19 26
39 31 22 1 20 6 23 1 1 6 19 21 4 8 26 18 2 8 28 5 26 12 14 27 12 7 21 14 7 12 31 30 11 14 12 26 24 26 26 10
38 4 4 21 18 29 12 9 23 24 23 16 18 21 3 16 23 15 9 2 9 10 18 1 21 24 20 4 8 4 30 11 21 10 2 5 1 27 3
28 18 19 2 12 29 5 6 25 2 16 12 22 26 22 4 22 30 29 16 5 18 2 10 8 14 21 27 4
49 19 15 27 24 19 20 4 18 13 17 2 18 12 12 13 9 17 15 15 30 19 13 11 26 3 26 15 25 11 25 22 28 5 11 14 15 15 11 6 27 6 20 4 8 25 27 25 1 31
23 22 20 9 2 11 23 14 23 28 19 6 2 28 18 30 4 4 18 4 21 24 29 1
1 23
20 14 25 28 6 28 23 22 5 11 13 16 2 9 17 6 26 23 9 4 26
6 5
13 7 26 5 11 9 8 3 11 12 31 10 16 8
6 17 28 25 7 25 1
14 22 10 11 11 5 8 19 29 11 30 13 14 18 7
2 4 23
1 1
28 16 24 28 21 18 10 11 26 9 16 27 13 11 20 8 25 1 28 9 26 14 14 19 3 1 3 20 31
11 1
30 1 28 14 12 22 12 28 29 15 5 1 17 30 1 11 17 24 8 9 31 12 9 3 30 8 29 12 2 7 18
2 2 23
24 24 30 27 21 25 1 8 20 13 10 15 21 18 22 27 17 30 23 31 10 8 8 23 25
7 17 1 14 14 17 20 27
23 7 28 12 2 29 23 14 11 6 22 26 18 6 9 23 13 16 15 22 5 16 24 21
15 13 25 9 27 10 13 12 16 15 6 25 5 21 29 19
47 1 17 28 26 18 26 24 27 13 10 4 3 13 27 20 7 30 13 1 8 1 12 10 9 17 27 27 22 10 5 3 7 19 10 31 4 8 10 14 27 26 13 18 3 29 5 8
29 31 12 24 23 28 12 29 22 6 4 23 22 14 6 27 13 26 9 13 30 1 5 26 23 24 20 31 2 18
42 8 6 14 10 21 29 9 31 19 8 22 9 14 29 17 27 24 18 1 10 8 6 23 18 17 16 11 12 17 24 10 1 30 10 2 20 12 29 24 14 31 2
38 7 19 29 30 26 14 14 30 4 16 4 21 5 11 22 9 15 31 30 1 13 1 6 17 27 31 20 11 9 15 1 1 13 16 4 7 6 1
18 12 5 29 14 3 16 9 19 25 12 25 21 24 23 8 8 8 20
1 1
1 11
17 1
49 18 5 10 5 18 6 2 6 20 31 22 8 28 19 18 6 3 9 7 27 20 28 19 20 12 23 16 4 6 31 23 14 10 29 9 21 13 28 28 25 23 7 29 8 17 1 20 30 24
38 1 22 30 16 24 4 29 8 11 13 13 4 9 31 30 21 11 21 26 1 3 21 17 9 14 29 25 12 6 26 12 19 4 10 20 14 6 1
14 3 11 11 10 30 22 13 18 3 6 28 2 7 12
13 8 18 31 22 20 17 31 27 6 9 30 13 19
12 24 8 5 13 7 17 28 8 17 26 12 29
39 21 2 25 11 3 21 11 3 18 11 8 1 24 23 6 10 31 21 20 17 11 7 19 7 17 31 22 28 3 22 18 8 11 4 10 15 10 18 14
1 29
50 10 14 20 1 24 25 12 10 5 15 30 21 24 6 8 12 21 14 4 28 13 2 1 16 6 26 14 25 5 28 8 15 11 12 31 30 30 13 8 13 10 23 15 9 7 29 5 18 21 14
9 1 30 1 28 13 11 19 27 28
23 17 7 24 4 8 29 4 4 18 29 24 1 1 9 17 9 12 17 21 17 25 22 18
39 6 19 26 5 13 13 14 5 21 21 21 22 10 24 7 30 15 1 20 25 23 18 13 2 16 18 25 9 15 21 18 19 26 17 31 26 19 21 25
35 23 31 18 21 24 21 15 2 23 17 3 8 9 16 31 3 3 1 28 27 13 15 5 8 23 31 12 28 26 31 21 25 27 14 30
10 13 7 6 12 11 12 27 31 2 14
14 28 2 28 31 10 18 31 19 21 15 9 9 1 20
3 1 28 14
39 1 18 25 9 24 21 2 12 12 9 25 26 14 12 18 2 13 3 26 8 28 21 24 26 7 14 19 16 3 12 9 25 10 31 4 7 14 23 20
23 9 23 5 16 6 20 2 14 6 24 10 30 1 28 28 29 23 18 14 4 27 9 6
12 2
29 29 14 19 11 8 20 5 22 10 3 30 24 23 2 29 17 12 16 10 25 29 25 9 14 29 29 20 5 2
16 19 28 14 8 29 3 15 1 6 12 3 28 10 24 31 10
22 14 26 13 29 1 21 4 24 30 9 4 6 6 31 23 13 15 21 23 6 19 24
25 2 24 24 24 5 18 15 18 13 21 27 28 4 20 21 25 8 27 20 17 17 5 30 20 21
6 31 9 20 14 19 9
20 26 30 23 13 2 28 22 15 26 25 17 15 10 22 24 18 24 17 24 19
12 20 15 25 5 24 1 3 8 19 11 21 20
42 1 29 8 21 30 9 21 14 1 25 14 16 1 31 23 31 31 30 29 24 27 27 6 1 7 16 17 24 12 6 8 18 1 19 25 5 26 15 6 11 19 31
10 26 14 23 13 10 9 17 8 13 26
19 15 6 31 29 9 27 6 22 19 26 5 3 9 25 6 5 23 12 4
20 15 23 28 8 28 22 17 4 17 18 26 20 7 9 7 9 16 2 19 12
13 19 28 28 20 19 27 4 1 11 27 23 9 14
9 9
31 2 18 12 23 31 1 28 8 16 31 30 18 26 10 30 6 29 26 7 26 7 18 6 13 4 22 19 13 10 9 1
6 23 18 29 15 18 18
31 15 2 4 27 19 17 15 21 11 26 23 8 23 22 4 30 5 15 11 15 9 7 1 30 13 19 30 11 21 31 16
7 31 12 6 2 7 14 18
14 1 22 23 11 21 12 21 26 16 29 13 14 6 28
26 11 18 9 3 31 17 5 1 5 17 2 10 19 28 18 26 3 23 27 10 10 16 10 4 24 14
13 10 3 24 18 6 24 16 4 2 1 22 14 30
24 17 6 11 18 5 7 25 18 9 14 21 21 22 3 27 31 24 23 11 18 7 16 1 23
32 25 13 18 19 21 6 5 27 18 25 22 30 22 16 3 1 10 28 25 7 3 11 11 27 13 20 25 23 12 11 5 31
1 1
30 11 28 20 29 5 24 17 11 11 21 6 31 12 14 5 12 30 28 9 29 26 8 4 30 10 17 1 30 1 20
11 6
44 16 24 22 5 9 18 31 16 24 2 13 29 29 6 6 2 16 14 6 18 7 31 1 20 23 7 5 2 15 6 31 21 25 5 6 24 10 10 24 13 21 25 18 20
29 15 8 5 21 13 14 13 17 6 12 29 17 9 12 11 2 27 4 14 27 10 12 10 11 26 23 9 17 9
20 10 8 24 26 6 20 11 14 5 18 19 30 15 7 1 12 21 19 4 3
23 17 8 3 10 28 18 4 2 18 27 12 24 6 14 13 22 12 7 22 26 23 30 4
5 4 6 21 12 9
38 23 23 29 30 30 13 2 14 24 16 12 5 4 21 12 2 29 27 16 5 12 30 14 18 27 7 1 4 20 23 22 31 20 29 16 9 29 7
24 1 21 16 16 18 7 11 15 16 11 5 26 16 18 11 13 31 22 13 3 27 10 19 8
6 23 1 16 16 24 28
8 4 7 24 10 12 29 10 31
41 15 8 3 2 10 19 7 9 25 6 2 2 9 24 25 23 20 15 15 24 21 11 19 22 21 29 20 5 17 27 14 5 4 7 27 2 1 22 29 4 26
5 24 28 11 18 20
8 2
7 14 31 14 14 8 27 17
35 5 11 5 26 12 22 9 17 12 24 20 6 21 26 8 10 29 2 14 10 12 22 24 2 26 15 16 17 7 16 31 27 5 21 15
16 1 9 23 11 18 31 30 11 12 26 3 29 11 19 20 26
42 2 28 17 29 3 13 6 10 30 16 14 11 16 24 15 25 2 29 28 6 28 30 14 7 17 9 13 14 12 9 14 15 25 20 30 18 17 5 27 2 31 25
14 6 9 22 31 28 22 6 24 23 31 17 27 23 5
16 17 23 27 30 8 24 20 8 30 30 17 24 18 4 27 29
42 5 12 3 11 27 4 25 19 22 26 17 21 26 6 19 21 10 17 16 12 31 5 4 27 19 15 7 25 30 14 5 9 6 20 18 27 23 9 27 25 2 24
29 22 10 31 5 29 2 17 30 9 8 6 30 18 30 7 23 18 18 22 26 2 12 31 19 31 6 7 3 29
6 2
41 7 8 22 27 26 17 24 16 15 16 20 29 13 26 18 23 22 26 1 18 29 29 23 25 16 22 21 24 1 20 30 14 9 25 10 23 5 30 6 6 6
26 17 22 11 2 2 17 17 23 15 2 5 20 30 19 16 1 7 15 5 6 28 11 14 1 12 1
21 18 7 2 14 1 31 8 28 23 1 11 28 17 28 4 13 11 26 19 20 14
13 16 25 29 27 5 9 6 15 16 28 9 19 19
50 27 17 1 17 16 2 20 16 30 18 20 30 10 24 26 31 24 16 25 20 13 2 17 1 25 17 11 10 4 18 27 1 14 5 19 24 26 25 27 1 26 28 19 27 31 13 19 2 17 13
34 6 17 9 6 17 10 30 13 19 31 14 31 28 9 18 18 2 5 31 25 29 20 19 5 18 9 25 10 1 5 17 10 27 7
13 6
38 27 18 16 27 21 30 1 10 8 9 29 20 22 3 19 19 23 6 17 24 30 6 1 13 26 23 12 17 6 9 25 5 2 4 7 9 29 21
11 1 12 5 30 26 6 13 12 30 10 13
41 2 13 30 28 29 12 10 2 9 2 26 19 21 1 27 12 18 14 19 10 14 9 14 24 10 13 9 26 27 18 20 23 4 20 3 30 30 16 23 3 16
6 24 21 23 29 28 30
11 26 7 26 11 26 12 8 8 29 13 14
30 17 20 30 1 31 10 1 27 5 5 26 13 6 29 7 21 5 28 18 21 11 8 1 18 10 10 12 30 12 8
39 10 16 20 1 21 19 7 9 31 21 28 17 12 10 17 15 8 6 11 7 7 10 23 25 12 4 13 14 12 27 27 23 15 3 23 12 10 13 29
12 27 10 14 30 2 8 8 17 7 13 25 27
22 16 2 10 6 26 29 29 18 31 14 12 4 7 13 24 23 26 19 23 13 9 30
9 12 3 1 7 6 7 16 13 10
32 2 23 29 20 29 19 19 20 27 31 20 17 18 20 23 10 17 16 8 21 22 19 29 17 14 6 17 11 17 31 6 29
3 15 21 13
26 13 14 7 31 4 5 25 20 24 22 9 19 13 12 26 15 3 30 8 26 25 25 1 26 2 11
14 10
46 29 4 21 12 22 3 30 2 24 21 10 25 28 15 5 8 25 6 31 15 30 5 10 31 7 3 27 26 14 31 30 26 14 21 31 28 31 16 26 4 7 11 2 24 27 26
13 17 2 6 18 23 29 7 26 24 2 13 10 5
46 31 10 14 9 6 31 12 19 30 31 3 19 1 11 28 16 4 26 28 22 15 22 30 4 27 18 30 2 10 8 7 17 14 5 4 7 23 1 20 10 6 1 26 30 26 31
25 21 19 1 17 31 12 13 20 23 19 17 13 11 12 18 10 11 26 1 7 10 21 6 10 13
16 26 14 25 12 1 22 17 12 18 19 1 26 3 5 17 4
17 21 23 14 17 15 25 16 13 17 10 6 20 2 1 15 24 7
27 16 1 23 18 15 31 19 27 9 5 14 29 16 16 20 18 18 1 12 14 8 2 10 26 3 3 25
22 14 18 1 27 1 9 28 21 29 24 14 31 5 27 16 19 19 9 15 13 17 12
49 20 28 18 5 15 1 30 30 13 30 16 23 8 30 12 10 26 25 10 9 28 18 23 1 4 22 9 15 5 14 10 10 17 22 26 22 17 27 23 8 9 4 6 18 9 14 25 18 31
36 31 30 15 27 24 13 20 22 29 31 9 26 17 11 27 11 5 11 4 15 26 27 18 9 8 1 8 21 10 7 19 9 29 28 28 10
7 16 17 30 31 8 15 22
25 26 12 7 16 14 2 2 15 14 28 2 15 10 17 28 11 21 25 30 27 31 30 11 16 17
3 25 8 28
44 10 18 24 8 6 24 5 19 11 23 18 27 25 18 30 4 27 12 15 27 20 22 22 11 31 4 22 1 14 16 15 19 20 23 15 20 28 17 23 13 14 25 28 1
10 1
43 28 13 6 12 5 21 15 7 20 12 24 13 15 13 3 25 15 4 28 16 16 27 12 12 16 24 18 22 12 22 25 14 18 30 1 25 13 13 11 28 8 31 3
8 11 1 18 7 7 20 28 6
7 7 7 26 27 3 17 9
34 26 31 9 3 23 8 20 25 3 15 12 30 25 20 26 30 13 26 28 3 14 19 16 28 31 21 1 31 6 8 25 25 31 9
47 15 18 31 26 17 22 7 15 24 19 27 13 25 17 13 20 15 6 4 5 14 7 12 3 19 24 26 17 2 9 8 17 19 19 14 14 18 25 12 1 18 2 11 11 30 15 17
17 24 30 23 4 6 13 17 26 10 10 13 8 30 23 11 20 5
26 8 20 15 27 14 8 24 24 29 30 27 5 22 12 3 13 2 22 2 8 24 10 21 12 2 22
33 6 30 16 7 6 5 11 6 28 18 7 7 14 23 30 27 29 12 12 19 19 12 6 17 7 6 13 14 19 13 17 16 11
2 20 20
6 2 5 25 10 29 24
2 2
42 22 30 21 27 13 5 16 8 31 6 6 31 22 11 8 23 17 3 20 28 28 27 23 8 25 11 10 31 20 18 6 1 6 3 6 29 7 19 22 28 9 9
19 17 15 9 10 24 5 10 27 22 17 29 4 2 5 26 11 3 4 26
5 5
27 17 19 19 5 30 31 23 27 20 24 19 23 3 17 22 25 17 2 23 23 25 23 19 24 21 25 21
47 2 10 12 31 19 7 25 28 27 8 14 7 12 23 19 10 17 13 2 31 21 26 11 2 15 28 6 28 8 21 7 14 15 5 28 16 10 6 2 6 2 29 29 17 18 25 6
3 11 28 31
20 14 11 22 3 8 21 11 28 5 21 17 5 26 28 16 1 7 10 11 8
9 29 2 3 5 26 25 7 25 4
10 2
8 25 24 12 5 20 1 16 8
26 25 1 7 12 23 4 13 22 22 29 9 18 2 21 20 31 22 25 28 14 29 31 1 18 20 27
15 13 6 5 5 4 10 30 14 28 10 5 11 15 27 14
24 30 26 5 28 18 13 19 5 28 31 30 1 8 21 29 24 24 16 6 12 24 10 2 12
9 26 20 3 22 9 26 2 9 5
2 8 27
34 1 8 24 30 30 14 6 26 5 13 20 19 3 23 4 28 20 23 6 16 1 14 3 11 19 19 21 11 25 31 29 24 15 26
12 23 1 4 1 6 11 12 20 9 5 15 20
17 2 28 10 9 12 9 18 18 3 11 13 8 14 7 15 19 12
20 17 28 24 6 20 29 4 20 11 11 14 2 8 11 20 27 26 31 8 7
12 7
22 25 1 5 2 10 31 19 20 16 3 11 22 7 12 6 15 14 15 17 5 27 22
16 4 8 8 29 16 20 18 30 6 15 6 23 27 6 19 5
46 3 28 17 31 14 14 27 13 19 9 20 8 31 30 10 28 29 25 7 14 23 16 23 8 17 10 8 29 16 8 11 7 22 28 29 23 2 6 4 2 8 4 9 14 25 18
16 21 27 14 5 19 31 18 15 5 29 10 7 14 20 6 31
26 13 27 5 29 18 15 23 4 24 14 15 21 30 12 6 19 2 11 22 6 10 24 16 1 18 27
41 10 20 13 24 25 16 28 27 31 14 7 20 27 3 22 2 23 28 13 31 21 3 17 7 16 13 17 10 17 18 4 2 11 29 18 2 12 13 13 28 26
39 3 18 4 29 17 27 6 20 16 13 29 29 16 22 25 14 26 6 26 6 5 8 4 25 2 28 26 29 25 2 10 14 3 5 8 17 8 15 31
3 25 4 6
24 24 14 1 23 1 24 17 8 4 12 7 6 4 26 15 1 24 15 12 18 2 20 28 16
6 11 31 17 29 10 16
24 30 2 22 5 5 27 14 27 2 25 2 10 27 20 31 9 28 10 21 18 25 19 15 30
43 25 31 15 3 4 29 2 18 17 23 12 7 3 18 30 8 7 3 23 14 22 2 24 16 13 2 2 20 23 31 19 29 1 14 27 5 27 16 13 2 12 29 18
1 1
19 25 26 25 10 9 25 29 16 27 20 5 11 24 20 29 4 14 20 12
16 15
44 1 14 24 13 12 15 12 16 28 1 19 7 24 7 27 27 27 18 18 15 23 18 15 5 22 28 23 17 3 21 3 11 11 30 31 26 2 22 6 13 27 24 22 6
38 26 15 15 8 13 9 28 18 27 19 14 3 16 19 8 10 21 26 4 2 28 31 15 22 14 17 19 15 13 26 25 14 20 5 16 11 1 21
15 13 31 11 14 25 18 11 17 3 19 24 16 6 29 4
18 20 26 30 13 12 3 12 22 8 28 5 18 28 28 28 10 29 17
34 28 8 2 5 30 2 28 2 3 25 7 30 25 9 16 28 27 4 10 10 13 7 14 9 9 13 20 3 26 23 10 27 3 4
34 13 12 4 31 26 12 16 12 12 23 22 4 29 3 11 28 17 8 19 30 31 29 9 22 18 10 11 29 27 22 23 21 29 31
16 2 18 28 2 25 16 14 18 17 26 29 3 17 5 2 30
48 9 16 11 5 15 8 2 19 21 14 28 9 24 31 7 4 4 14 24 1 26 27 3 1 23 8 4 21 11 29 10 24 20 23 5 19 25 11 26 17 30 15 17 7 21 15 4 29
19 4 14 25 29 26 21 12 14 12 13 26 8 1 3 30 17 28 19 27
26 17 28 26 28 6 1 9 30 10 23 28 4 29 29 4 18 30 31 5 6 12 6 10 31 14 29
12 1 16 14 6 10 29 27 19 14 14 5 22
35 2 25 5 5 8 31 21 12 8 2 11 27 24 15 8 3 3 4 14 30 19 31 25 3 14 30 20 3 19 17 13 13 21 14 21
12 30 12 20 2 6 2 16 20 1 11 30 16
46 3 29 15 11 24 28 24 26 4 13 1 5 31 31 24 24 23 29 31 22 23 23 25 25 19 13 2 15 3 29 13 30 1 15 27 23 22 24 8 2 4 31 26 15 21 18
3 18 2 9
25 9 22 16 13 19 19 4 18 16 19 24 13 6 13 18 10 29 19 21 29 10 31 3 7 30
10 5
48 15 7 19 30 12 24 4 30 28 17 5 25 4 30 7 11 10 30 16 5 20 9 5 24 15 8 18 27 25 16 3 12 22 12 26 20 20 7 6 24 15 18 22 5 8 5 21 15
33 1 16 31 29 1 28 9 11 1 4 29 4 7 18 22 31 30 10 4 16 28 3 25 16 29 17 12 2 25 21 17 22 23
40 15 14 2 17 4 23 19 6 28 3 15 6 9 25 26 20 21 8 24 5 22 19 24 28 21 19 17 28 1 13 4 13 15 22 12 13 18 15 25 6
50 2 14 10 9 10 31 29 31 20 12 17 9 13 30 18 4 15 26 3 17 9 31 31 9 5 26 8 1 28 10 27 18 26 18 23 13 29 12 14 20 10 17 30 16 10 31 19 31 9 16
36 1 5 11 21 18 26 17 25 1 8 8 9 8 8 28 20 29 29 30 10 22 28 26 9 23 12 22 29 17 22 15 12 4 20 5 26
50 10 7 25 27 29 24 14 4 2 24 25 30 1 9 27 12 23 18 19 19 20 4 5 13 28 7 20 18 21 5 7 6 30 6 27 6 13 9 31 26 30 1 13 7 24 30 12 22 3 8
40 17 25 22 5 22 24 17 29 6 22 3 21 13 8 20 23 12 4 13 30 15 18 14 14 10 6 29 18 25 11 23 14 23 26 4 1 16 20 1 12
32 22 8 23 27 2 5 25 2 24 14 12 9 24 31 23 5 25 23 12 1 15 4 17 30 15 8 19 8 10 22 3 12
21 18 8 25 14 12 28 17 28 28 24 4 18 27 8 29 17 22 9 9 16 29
19 20 8 11 25 13 18 25 23 6 24 6 14 24 18 27 21 31 21 17
6 4
48 23 8 15 31 18 6 24 10 28 9 12 12 2 2 31 18 5 27 12 19 9 6 26 31 21 14 8 25 25 3 28 31 11 26 10 5 26 21 27 21 22 22 7 15 18 8 17 23
36 10 28 28 16 11 9 14 13 24 22 24 26 24 21 22 9 5 29 22 23 4 17 21 24 18 4 15 30 25 28 22 24 8 19 19 9
34 14 25 5 25 1 6 31 16 30 29 5 29 11 6 22 29 11 22 26 19 20 4 7 13 5 31 18 21 3 8 14 15 4 9
13 25 1 25 8 2 22 7 16 29 15 21 27 13
13 13 22 15 2 18 10 23 20 4 21 27 2 15
38 29 3 5 5 31 18 11 11 30 18 5 7 15 5 18 18 10 18 23 6 4 6 7 5 15 13 11 10 14 10 23 11 13 1 21 21 8 9
19 11
18 7 16 2 28 21 14 27 13 10 12 7 24 4 31 4 26 10 2
32 8 15 10 15 14 3 4 25 12 30 9 24 11 31 16 3 21 3 8 18 14 21 8 12 21 7 25 5 23 14 24 15
11 15 10 20 26 17 26 3 25 27 3 18
30 14 13 15 3 1 18 5 16 10 31 21 14 31 6 20 5 15 13 4 23 1 1 2 14 14 18 1 5 28 26
40 28 20 13 29 10 24 5 26 24 2 24 9 3 26 16 1 21 19 13 7 13 7 8 2 8 21 10 19 16 21 14 24 31 19 19 7 2 3 22 11
32 4 6 26 6 21 7 16 10 21 17 1 25 13 13 1 24 7 5 21 2 21 1 3 18 16 3 18 26 8 24 7 2
21 18 7 18 25 1 13 23 25 23 1 3 19 28 11 7 11 22 30 12 14 3
14 26 3 29 15 1 1 27 28 17 27 22 11 30 31
48 16 17 7 3 7 12 18 19 26 7 5 31 22 22 27 29 9 30 15 13 27 17 4 23 12 18 20 22 5 7 16 19 5 25 12 6 1 22 25 31 7 15 12 31 14 15 18 18
35 21 14 6 4 18 19 27 13 24 22 15 5 30 10 12 15 1 3 31 24 26 27 18 14 30 12 19 4 16 31 14 7 15 24 25
19 12 5 6 6 28 21 1 26 25 19 20 12 13 12 31 30 26 28 22
3 17 30 16
17 4 8 1 19 3 18 21 7 20 24 5 15 2 21 20 23 30
30 24 30 1 14 26 10 26 22 6 28 26 25 1 8 25 11 9 2 30 15 4 2 25 29 13 25 31 25 6 6
5 1 7 19 18 6
48 5 14 11 19 8 11 2 11 14 26 3 12 30 13 23 6 1 11 18 14 31 10 18 10 4 25 6 22 18 7 21 6 16 22 21 21 12 26 22 7 13 29 23 30 9 16 17 28
20 3 12 29 9 26 18 20 6 29 27 20 28 1 26 8 13 26 22 4 7
47 20 2 10 30 16 21 18 24 31 12 29 29 28 17 30 20 1 2 24 19 16 8 5 31 29 2 5 2 10 3 12 2 15 17 24 14 1 13 6 15 22 28 8 3 30 15 19
12 31 25 14 17 1 31 23 29 24 27 11 14
19 12
41 16 29 6 22 9 14 27 2 6 4 19 4 19 14 29 27 21 18 26 17 18 24 12 14 15 2 27 14 1 8 17 23 10 3 2 13 29 1 11 7 7
26 11 17 4 27 2 9 22 30 18 8 15 13 14 19 3 4 10 11 14 2 24 26 24 1 3 24
42 18 13 15 25 20 21 4 15 7 19 5 12 7 25 18 7 4 16 6 27 7 7 15 12 24 17 9 1 14 22 17 10 12 20 27 4 6 22 28 5 27 17
20 7 7 1 24 8 11 9 25 23 14 8 4 14 28 14 14 15 25 13 9
15 27 2 29 29 7 12 14 14 15 25 5 24 28 28 11
29 24 21 23 28 20 24 8 7 2 12 13 5 13 3 14 27 25 24 22 6 22 19 4 27 18 12 4 7 28
41 9 9 29 24 10 23 4 29 17 21 20 31 24 2 16 21 8 31 7 12 9 2 17 9 16 2 16 20 5 14 26 26 23 14 18 23 2 16 19 26 8
11 29 14 21 26 31 19 20 5 7 10 4
46 3 27 22 31 6 18 24 20 9 7 13 16 8 10 22 6 22 16 27 6 10 9 31 6 4 5 17 15 22 14 7 7 27 14 20 13 15 24 9 11 1 18 24 31 28 27
19 29 29 17 8 24 24 18 27 6 3 25 2 13 18 4 22 13 13 16
48 6 23 23 10 6 14 29 9 7 30 19 8 1 26 2 13 2 14 8 21 1 12 4 19 25 4 16 13 24 16 1 20 7 6 13 3 19 24 6 21 8 1 22 8 31 24 13 5
45 18 13 6 9 1 26 27 13 3 30 1 12 3 14 17 14 3 1 22 4 2 31 28 18 18 11 31 12 8 13 5 30 29 9 22 13 17 28 14 13 17 23 27 24 20
36 17 6 24 21 28 24 1 23 29 15 19 19 29 2 21 6 25 7 22 25 11 19 5 27 29 13 10 21 18 28 4 20 18 5 31 28
36 10 29 13 30 18 20 19 5 3 24 16 27 2 15 2 9 20 9 3 15 20 26 20 11 31 27 24 31 20 16 19 14 29 29 29 4
17 28 3 26 25 25 22 16 19 28 1 27 7 12 6 15 20 3
29 28 1 23 2 8 1 1 20 26 9 25 29 24 16 12 16 23 4 13 7 7 21 23 23 20 24 9 17 4
38 27 1 3 1 27 7 9 27 28 21 11 5 2 20 27 18 8 24 27 28 12 22 8 14 3 8 9 12 24 6 20 29 19 13 19 13 11 12
37 17 24 23 20 22 4 8 20 26 24 24 6 6 5 22 27 27 5 3 5 10 11 21 3 16 12 13 23 12 3 24 16 8 27 18 3 6
22 7 29 12 5 6 31 24 23 20 2 29 17 23 7 12 30 31 3 8 26 4 4
12 4
14 17 31 24 3 29 31 17 23 23 22 2 5 29 2
5 2 6 21 18 17
29 21 4 9 19 16 5 28 28 21 8 22 29 28 9 4 28 9 17 20 2 23 11 15 20 8 22 16 31 5
37 14 18 7 7 12 16 11 23 1 2 23 29 21 14 15 23 30 24 15 25 25 24 31 2 27 11 12 10 26 18 17 5 9 13 3 26 9
29 6 18 16 30 20 1 11 23 1 4 20 27 21 4 18 1 29 21 9 30 12 23 16 25 24 29 2 23 19
12 31 12 4 12 14 26 25 27 26 18 12 4
49 28 29 9 15 26 16 21 15 26 20 21 23 14 2 19 12 28 17 4 27 27 22 3 12 29 9 26 7 14 9 21 30 6 4 15 3 15 23 26 12 16 7 11 5 28 29 16 17 26
24 24 15 10 16 8 3 26 11 12 12 27 30 29 24 3 3 28 23 1 10 27 5 27 7
36 30 31 31 7 27 24 23 1 27 7 18 1 21 1 1 6 11 3 2 29 29 29 7 28 19 6 21 16 19 1 16 13 24 26 24 30
28 25 24 24 12 29 26 16 2 16 31 12 10 2 6 27 29 18 29 14 12 30 24 12 6 10 14 14 31
3 21 11 25
39 22 17 20 10 25 9 2 19 26 19 2 11 10 29 10 10 10 28 3 14 17 18 14 14 10 30 20 13 3 8 5 20 6 10 2 4 17 7 24
13 2
41 7 8 10 5 9 3 7 24 30 31 25 25 21 13 11 22 1 26 7 8 12 5 2 23 6 18 16 24 21 17 3 3 25 11 6 30 17 20 18 24 14
45 31 5 4 27 28 3 15 4 10 24 11 20 2 17 4 2 20 10 20 14 24 1 9 29 9 4 20 13 25 3 3 8 10 14 31 31 27 14 16 23 27 11 2 12 17
50 16 31 19 3 7 15 3 25 24 15 8 25 4 16 17 29 22 6 26 18 6 3 12 28 16 8 24 20 18 9 3 10 7 10 10 12 10 7 2 12 30 26 26 12 1 23 6 25 29 30
28 27 8 14 24 28 26 3 6 15 21 18 4 28 13 26 5 16 13 7 28 20 14 30 3 11 23 17 3
40 13 21 14 25 7 27 19 16 2 8 17 14 26 29 17 19 23 23 21 6 8 26 7 9 29 2 21 26 22 17 23 5 21 27 20 28 1 30 18 30
16 9 9 2 17 27 22 26 31 7 13 7 26 15 20 29 17
13 17 6 20 27 20 11 22 24 15 8 25 13 22
16 19 2 12 4 26 12 22 18 27 2 1 21 30 13 27 23
49 17 15 26 28 15 14 8 11 29 25 28 20 17 22 11 12 7 4 4 11 1 14 10 15 9 19 28 7 27 5 6 11 30 11 27 24 29 3 9 18 28 1 30 1 20 28 14 16 12
15 4 23 23 2 17 14 7 22 15 14 1 9 1 2 8
2 30 7
16 28 2 23 1 14 26 25 13 7 12 26 22 29 18 15 28
8 6 15 3 28 1 18 11 28
14 5
17 29 8 29 15 17 24 9 31 8 25 26 19 8 1 18 21 3
38 24 27 21 30 23 10 22 18 25 21 25 2 24 6 9 14 5 3 6 28 16 1 6 22 8 21 31 14 19 26 5 12 6 1 7 13 1 1
30 22 13 9 6 8 7 31 20 15 3 26 24 26 9 22 23 14 3 29 15 19 8 27 24 12 12 8 10 29 11
27 25 11 10 7 3 15 24 29 11 27 10 31 28 19 8 27 31 8 6 24 24 8 2 27 6 22 11
32 25 16 1 31 13 23 27 24 2 27 9 30 11 26 19 27 6 2 1 4 5 15 29 30 13 22 13 14 9 8 28 21
44 17 7 24 25 3 3 15 17 16 16 29 25 11 13 9 31 13 9 25 25 25 25 15 26 21 18 13 2 30 25 26 24 14 23 2 4 14 29 26 27 12 15 30 16
21 12 28 8 19 20 2 14 24 3 12 6 23 23 13 29 17 16 23 27 23 9
45 17 20 15 6 25 29 9 4 1 14 5 11 23 22 31 27 4 1 22 7 12 2 20 2 7 8 17 29 28 21 20 21 21 26 9 27 18 30 20 28 30 25 5 30 3
4 13 24 12 30
26 14 14 4 1 8 14 31 26 23 15 26 18 10 30 11 7 31 27 24 14 26 2 20 1 19 14
39 8 22 30 29 21 25 4 23 21 1 15 8 13 27 13 21 31 25 11 14 30 14 28 27 6 23 28 9 20 25 22 4 7 27 1 14 31 13 17
17 23 17 2 5 6 4 10 26 2 18 3 22 11 9 17 11 3
24 4 24 23 14 24 9 7 3 8 21 7 25 20 20 20 20 14 18 24 10 29 29 10 15
8 11 3 10 16 15 17 28 21
8 8
32 25 23 14 17 9 20 21 27 31 3 28 15 15 15 29 17 5 8 7 6 7 30 28 19 2 7 1 13 18 14 25 14
25 27 20 30 1 14 21 22 1 26 13 17 22 23 29 27 23 25 5 8 28 5 8 16 24 21
27 6 21 4 5 24 10 23 15 9 8 17 6 31 13 17 30 11 19 29 29 3 7 22 15 19 3 3
2 3 28
7 26 22 12 30 16 1 23
38 4 22 15 2 10 27 11 26 18 27 7 19 30 28 21 4 25 6 2 2 18 31 13 31 21 13 12 1 24 8 14 15 28 1 19 26 10 8
43 13 16 16 7 8 24 8 25 12 12 19 23 4 30 31 25 20 26 1 18 18 4 16 17 17 8 12 7 13 17 25 28 7 24 1 10 7 3 15 10 10 21 15
28 19 31 13 1 9 5 27 3 28 21 17 21 2 18 29 6 22 11 13 10 21 1 26 6 13 31 19 11
3 1
19 27 16 16 8 15 22 25 23 7 1 23 14 6 4 16 31 19 19 12
47 31 8 9 29 12 11 12 11 27 31 5 19 17 30 5 24 21 14 9 5 31 26 2 23 9 5 8 16 16 7 31 4 17 26 1 26 5 3 26 10 30 5 11 18 17 1 18
3 16 26 30
8 4
12 7 28 21 1 31 13 26 6 8 31 11 7
41 25 16 6 13 30 9 23 1 26 6 20 31 13 22 8 21 25 22 8 13 28 9 8 17 17 28 14 24 6 12 8 13 3 7 4 1 29 15 22 10 7
40 12 17 10 13 17 9 27 12 19 8 29 30 13 3 1 7 7 12 23 12 3 3 13 20 3 20 6 13 8 10 13 28 18 13 13 4 16 23 25 19
3 25 7 16
14 3 29 13 8 16 31 11 17 23 15 2 15 24 3
44 14 22 27 23 5 14 16 31 18 28 31 4 30 4 25 9 14 19 17 6 19 4 7 3 24 25 3 27 5 11 12 27 28 27 4 10 6 28 22 10 9 9 16 13
48 4 31 5 11 7 26 24 22 8 27 11 24 17 16 22 21 15 9 25 31 25 27 7 3 27 19 30 6 10 22 4 23 30 3 25 24 18 17 28 7 2 9 1 1 23 14 16 26
36 12 7 14 21 6 3 5 4 14 21 27 11 26 9 28 7 26 15 25 24 13 12 2 26 11 17 17 23 14 5 30 18 9 10 2 30
13 5
14 20 4 31 21 18 21 18 18 16 10 24 14 18 12
39 2 28 4 15 19 17 28 24 26 10 6 31 6 2 8 22 20 24 1 3 31 18 15 17 16 7 15 12 24 17 7 10 31 6 21 26 21 26 19
12 21 17 29 18 1 29 1 12 10 31 31 8
17 16 2 8 31 8 1 2 5 16 22 28 11 10 11 1 29 15
18 15 14 15 4 18 20 19 2 31 4 7 22 24 10 13 2 16 31
24 5 14 26 19 14 1 12 5 5 22 31 11 24 9 5 12 31 11 12 4 29 20 10 20
38 19 7 18 8 13 24 6 9 24 18 20 14 16 9 17 6 1 18 1 1 2 19 27 26 17 9 20 8 14 8 24 15 20 23 7 8 28 11
17 10 26 8 14 22 21 22 19 15 6 26 28 13 18 16 2 18
42 8 10 27 22 11 30 17 11 2 28 30 10 23 30 22 5 12 19 2 25 1 23 7 8 27 7 5 27 5 21 27 18 11 30 14 20 6 30 15 3 10 14
41 29 16 13 26 2 28 3 11 19 5 24 6 6 8 27 27 27 14 22 3 27 12 13 22 4 22 23 17 5 2 3 22 29 28 23 3 18 22 16 27 4
50 18 7 2 4 19 15 16 26 14 30 14 28 2 24 13 6 21 8 16 5 29 3 27 22 7 4 16 14 25 24 31 16 8 24 19 12 14 26 1 21 28 18 6 30 24 26 31 7 14 19
29 30 10 12 14 16 9 14 24 27 20 5 24 19 28 11 6 15 18 8 5 22 8 28 4 9 22 29 4 29
35 2 28 11 2 22 19 17 15 8 3 8 25 7 31 16 3 13 22 15 30 9 29 2 12 22 19 31 14 5 18 16 21 29 12 29
13 5
8 4 26 17 4 6 31 11 28
45 1 13 2 6 21 19 17 2 26 5 27 14 8 1 9 2 9 25 21 11 26 29 19 23 12 20 5 5 27 29 10 21 27 2 9 15 12 6 16 12 26 14 23 11 22
38 22 10 17 16 3 22 10 4 19 13 6 27 5 20 17 12 22 2 16 19 12 12 23 9 22 26 19 9 5 2 18 10 22 24 25 21 28 31
47 2 23 28 27 19 25 19 14 29 28 19 4 30 2 30 12 8 6 15 24 13 18 22 8 13 25 17 2 5 8 31 3 19 4 20 9 15 6 14 4 26 21 20 16 30 13 5
1 26
20 12 28 14 27 5 16 26 23 5 11 6 8 19 3 1 17 8 21 1 27
49 30 29 28 4 24 29 15 14 28 27 18 25 15 29 13 17 27 8 26 18 18 9 15 1 1 18 18 6 31 22 5 25 16 4 1 28 14 18 29 17 31 13 8 8 29 20 8 8 16
45 24 21 18 11 15 12 29 7 15 18 30 22 17 13 30 16 20 6 4 28 16 30 8 23 10 22 22 16 7 14 12 3 13 18 5 13 16 26 19 31 9 3 3 29 31
22 9 16 15 28 11 6 1 19 18 9 1 23 28 12 30 21 15 6 16 24 18 6
19 2 14 29 11 25 10 4 24 24 21 4 22 7 11 29 15 1 19 16
30 2 22 18 1 3 17 15 3 19 1 19 21 21 23 17 31 25 29 15 28 26 29 28 27 20 22 29 11 9 5
39 18 14 8 28 6 30 5 30 9 7 21 19 16 14 29 3 31 29 26 22 10 27 25 16 23 27 24 3 14 24 3 2 22 18 24 7 10 7 1
9 5 30 2 24 5 7 31 26 4
3 2
41 26 11 1 11 31 12 18 28 23 24 25 30 30 8 14 29 19 2 23 28 13 20 31 1 22 15 23 4 4 30 19 25 10 26 31 17 13 18 30 7 15
49 12 19 12 1 10 23 29 29 24 18 26 11 30 17 20 7 14 30 15 20 28 20 8 23 22 26 9 6 16 25 21 29 4 4 27 18 15 11 19 27 21 30 12 28 1 10 24 12 4
31 13 7 23 25 18 14 13 10 13 9 9 31 27 11 26 2 19 1 26 15 29 10 25 21 13 29 25 10 3 26 19
17 4
32 5 19 27 26 11 4 14 28 27 18 26 1 15 8 24 17 15 28 2 8 7 29 12 26 17 8 2 16 20 29 5 24
30 31 30 9 11 26 11 23 1 16 7 4 24 10 22 5 12 10 12 8 3 17 11 31 20 11 30 27 7 2 19
35 17 25 24 23 2 4 3 29 15 28 14 31 24 20 12 1 9 4 20 20 31 22 22 16 1 16 21 24 1 22 10 19 27 5 12
3 2 10 30
24 18 15 31 1 26 14 11 18 24 16 31 19 7 22 4 23 14 13 19 7 20 1 7 10
2 1 6
21 25 6 23 10 30 29 29 2 4 25 28 31 11 4 16 10 23 22 20 23 17
23 1 26 31 13 11 30 15 25 30 7 15 24 20 9 1 24 13 10 18 6 23 5 7
2 7 3
50 3 19 21 2 11 15 9 4 20 3 4 14 7 22 1 19 2 5 10 16 31 3 10 4 29 5 18 21 4 2 16 22 2 10 15 2 8 18 1 20 18 3 21 22 28 9 7 6 13 20
2 31 17
17 21 7 29 9 13 7 1 21 25 15 3 28 1 31 11 27 17
18 12 28 30 26 20 24 28 9 8 11 14 8 1 3 6 17 13 29
1 2
43 1 29 22 5 20 21 15 26 12 16 14 30 26 7 6 19 16 31 26 4 7 12 18 31 8 7 16 9 28 9 12 19 7 18 28 28 22 17 15 21 23 11 12
7 24 12 2 6 3 21 21
47 4 2 1 6 12 25 2 20 11 25 13 30 11 1 9 25 28 6 4 14 18 17 22 7 27 19 17 18 19 13 4 3 3 15 24 10 30 1 17 30 26 30 11 20 27 26 18
6 2
37 14 4 22 7 21 31 27 27 11 17 30 29 13 7 25 19 10 22 22 20 16 29 26 2 9 11 23 11 17 19 31 23 9 29 9 19 8
26 22 25 23 20 18 2 12 25 29 19 19 12 7 16 21 18 2 7 24 4 4 2 13 24 14 7
27 5 23 7 6 7 20 18 29 27 27 17 5 28 29 8 25 8 6 8 25 23 25 12 19 21 2 26
39 10 22 2 8 13 31 10 12 24 22 24 19 7 12 14 15 3 25 17 24 22 16 5 4 13 18 29 21 25 6 8 11 31 12 2 5 6 3 7
40 9 5 29 8 23 29 16 11 1 3 22 22 22 1 3 2 21 19 8 5 26 26 5 15 11 2 25 10 5 3 28 9 17 7 8 5 6 14 19 19
36 22 26 9 15 12 13 31 4 10 4 25 7 19 22 6 9 27 27 16 2 8 19 9 18 2 29 18 13 28 22 17 9 12 2 10 24
4 2
46 11 30 12 10 17 3 30 27 19 22 9 10 2 27 30 27 1 9 21 23 2 18 20 25 11 27 23 21 7 7 14 31 21 13 26 7 27 1 13 20 9 26 3 15 18 16
50 1 19 22 26 10 18 6 7 31 10 13 28 30 11 17 19 20 23 30 17 19 8 23 6 23 18 9 29 12 20 18 27 10 1 21 15 1 27 8 28 28 7 8 10 6 23 31 22 6 25
30 6 10 18 6 19 3 18 2 27 6 30 13 7 12 28 16 23 21 9 29 23 1 27 21 24 20 21 5 1 24
29 26 13 4 26 30 23 11 29 19 26 10 18 17 30 31 27 18 16 23 12 24 15 8 16 10 8 7 30 28
17 12
10 9 2 11 16 17 21 10 5 8 31
42 12 25 1 14 27 24 1 26 11 15 13 27 12 19 11 25 13 25 7 24 12 20 2 13 1 28 5 13 11 2 25 22 15 19 11 27 13 27 10 7 3 15
34 14 7 25 23 10 26 8 9 27 25 6 13 23 14 31 8 27 7 10 23 13 17 17 3 24 18 4 2 31 17 26 6 24 26
20 3 16 14 4 15 23 11 1 12 24 26 14 20 17 20 30 21 5 28 16
32 15 14 14 11 10 9 26 1 27 8 27 17 27 5 29 22 31 7 23 19 10 26 26 2 9 17 6 11 5 26 18 28
44 2 15 13 30 9 1 5 19 3 29 8 10 25 24 6 18 10 5 14 3 22 11 21 29 6 28 23 9 25 24 19 13 19 21 12 31 3 20 17 30 21 6 2 1
32 20 8 12 27 1 29 31 5 20 20 16 5 1 27 6 8 14 25 2 23 8 24 20 12 19 20 17 6 5 20 15 19
31 28 11 1 8 12 12 12 30 4 28 5 2 12 31 9 9 29 1 23 27 19 7 17 9 25 15 16 15 18 7 6
20 2 19 4 18 30 22 2 25 12 14 27 13 29 4 21 21 24 1 17 15
27 17 28 5 6 15 10 10 14 22 15 13 9 13 28 16 17 6 2 2 25 22 28 13 12 21 12 28
28 8 29 17 5 12 20 24 29 14 27 30 8 12 24 21 9 8 30 22 30 28 9 17 22 4 2 2 11
31 13 2 23 11 27 29 1 4 30 13 7 9 16 30 3 21 16 20 11 15 13 23 2 14 26 23 11 28 14 8 12
41 6 27 3 9 17 30 5 9 15 1 16 29 23 27 13 1 9 4 24 12 23 6 15 1 8 20 10 4 4 14 4 23 20 2 23 29 13 13 26 8 19
4 22 24 9 4
11 15 9 12 6 12 15 10 13 2 10 21
1 9
9 15 21 6 24 22 27 31 23 4
16 12
13 30 10 22 1 19 5 31 5 8 29 27 29 22
33 21 1 4 25 2 30 15 25 30 27 3 17 7 4 20 16 30 14 18 23 23 4 31 20 11 13 6 1 19 16 25 5 5
25 9 8 8 6 25 6 7 27 18 26 30 7 29 25 14 16 22 9 31 15 27 8 2 18 3
1 7
29 12 1 8 13 8 5 24 17 14 13 19 20 30 5 20 24 19 20 21 16 23 24 25 25 20 18 26 27 15
4 31 4 24 22
34 4 8 20 21 2 4 12 28 22 4 22 31 17 27 30 13 12 27 14 14 25 7 11 2 30 16 4 23 15 5 14 25 12 8
40 28 31 25 6 30 23 11 16 27 17 18 26 17 11 24 12 24 11 28 3 19 30 30 11 1 12 16 22 6 10 7 23 5 15 3 16 2 22 29 17
3 12 17 14
11 11 18 28 16 11 13 30 9 14 3 10
44 24 20 30 23 1 30 25 3 17 11 11 19 28 27 30 26 4 14 18 12 9 21 26 1 16 24 3 3 1 9 20 18 1 30 29 10 29 12 31 2 8 30 11 26
39 4 20 29 16 12 11 5 8 19 21 21 13 2 24 18 29 30 5 19 30 8 28 2 26 31 24 18 9 1 20 30 9 21 19 9 9 19 20 16
24 2 10 9 25 12 14 19 14 7 13 14 31 8 2 21 29 22 14 28 17 17 3 29 10
50 23 31 31 22 18 31 15 23 30 18 21 23 10 31 24 3 3 17 6 3 15 31 29 3 9 11 6 17 3 14 25 24 9 4 11 5 15 27 3 7 28 28 18 13 22 8 4 17 11 27
48 20 2 30 4 31 27 5 17 25 21 24 16 6 4 23 12 9 15 22 24 26 22 13 31 2 22 14 27 15 12 13 7 31 21 22 5 8 8 17 31 24 6 10 24 4 27 2 10
17 5 1 15 26 25 12 24 9 3 13 5 8 6 12 23 4 25
16 13
39 15 14 19 27 15 16 7 24 27 21 28 20 16 15 9 31 21 8 14 5 5 24 14 24 14 12 18 17 5 7 8 13 24 2 15 17 23 17 14
18 16 25 18 8 8 27 31 30 25 6 13 6 2 30 13 1 30 22
44 17 10 5 25 5 23 29 21 29 11 16 7 21 28 17 12 18 4 18 21 22 16 29 31 15 17 6 28 24 3 8 5 13 9 18 5 5 9 19 14 3 17 19 10
23 1 19 3 8 9 1 21 2 30 16 14 15 27 9 14 31 28 7 20 26 18 26 26
33 9 4 20 28 20 2 16 6 5 11 22 12 17 16 11 5 17 29 31 19 31 17 17 15 19 3 30 20 28 3 30 24 10
6 25 20 15 29 22 16
44 26 29 2 9 6 10 26 15 25 17 25 11 12 12 29 24 19 23 6 1 4 12 3 14 4 20 7 5 31 27 27 18 25 25 9 21 7 7 8 28 26 15 11 19
14 26 21 7 26 28 18 17 23 18 21 1 3 27 28
2 28 13
13 11 5 18 23 5 30 23 6 7 7 17 9 27
39 15 22 13 5 28 22 14 23 22 1 14 25 13 28 8 12 31 5 17 1 24 31 18 18 30 25 8 13 30 29 2 24 24 19 9 18 23 30 22
31 4 18 24 28 1 31 27 19 30 18 2 5 11 5 21 27 31 30 17 3 13 22 8 20 28 5 2 27 10 9 15
34 21 9 4 27 18 3 14 6 19 30 22 13 3 30 18 5 29 25 26 2 11 10 30 24 6 30 14 30 15 24 20 11 28 6
23 1 9 20 6 8 9 5 9 29 29 30 9 5 25 9 29 17 30 1 12 18 1 6
13 10 25 1 16 25 5 27 14 30 30 7 28 27
29 10 6 1 24 21 3 24 13 21 16 23 31 26 24 12 10 6 2 9 18 23 15 29 4 21 12 30 31 28
16 7
11 22 12 26 16 15 18 7 22 1 13 22
19 29 15 6 17 16 29 28 27 11 23 8 15 21 27 31 7 20 1 4
21 31 30 21 16 10 28 22 12 1 18 23 22 22 8 23 31 26 14 4 14 14
4 22 6 1 3
4 8 24 10 15
49 22 21 30 11 11 27 23 15 3 29 25 30 24 11 21 13 27 11 24 21 22 23 8 25 31 21 28 24 6 17 18 8 2 21 6 25 28 21 24 28 12 23 12 17 9 1 30 31 18
20 7 11 13 24 13 31 12 28 17 19 24 7 4 11 13 3 20 9 8 20
35 15 30 16 27 3 5 30 28 3 23 2 31 7 7 11 23 18 12 3 2 10 21 19 6 27 12 29 14 30 21 5 17 30 29 4
44 4 18 10 1 17 18 14 8 1 8 2 11 28 4 20 15 21 12 19 24 3 16 2 17 28 7 6 18 23 5 30 31 20 19 21 15 31 25 31 20 9 18 26 16
14 22 27 12 6 1 21 11 15 17 12 29 22 30 12
9 16 27 4 14 28 28 12 19 20
44 13 23 22 10 28 10 1 14 31 13 18 25 22 23 31 4 21 20 3 24 2 20 19 16 22 4 24 17 14 31 26 10 17 24 14 24 5 1 16 7 14 10 23 19
33 3 29 9 30 8 22 21 2 14 23 22 15 13 2 1 11 17 10 31 9 24 21 5 8 6 15 15 25 16 20 17 29 28
47 21 1 29 9 4 25 19 20 21 25 13 27 14 14 26 13 19 11 10 4 22 3 31 27 21 15 6 18 27 20 30 23 30 26 7 13 25 26 27 30 4 4 15 21 27 18 5
25 8 25 31 5 3 3 28 16 18 19 4 31 27 30 2 10 24 22 26 7 5 6 11 12 18
25 24 25 10 7 3 19 26 17 20 17 9 12 23 6 9 20 31 27 3 21 22 20 11 20 2
15 10
50 7 16 11 2 17 4 23 12 12 24 28 2 2 31 21 24 12 18 21 12 2 5 12 27 6 31 28 13 19 23 23 2 23 6 27 14 9 4 16 9 30 7 30 20 4 28 24 31 4 24
24 21 30 29 9 1 30 16 10 25 22 17 18 21 20 6 14 18 21 25 5 20 6 16 7
21 25 17 7 8 7 19 25 4 1 18 22 23 3 12 13 15 20 28 20 21 25
42 5 14 21 14 10 4 19 10 24 18 15 9 31 2 3 31 16 6 5 6 6 8 18 8 8 7 25 29 23 11 8 2 5 27 20 12 25 12 28 27 2 29
49 15 12 31 18 12 23 1 31 7 1 12 22 29 18 20 8 22 2 7 25 7 21 1 4 9 27 28 30 13 2 18 22 17 27 10 24 11 14 6 3 23 25 6 22 1 21 30 29 5
13 27 22 17 15 7 27 11 12 14 8 30 18 12
21 10 23 25 5 11 5 24 18 5 22 6 10 19 25 30 17 2 12 19 24 11
13 26 11 29 13 11 3 9 4 16 9 26 2 2
49 11 9 8 20 27 11 23 11 19 4 26 29 22 10 1 5 18 8 24 30 14 26 25 28 9 8 26 2 12 28 26 28 30 9 11 10 7 20 22 6 25 16 11 22 24 12 25 29 4
31 9 14 20 28 26 4 20 8 16 3 28 29 17 24 13 11 4 7 29 8 31 26 18 12 28 1 17 25 2 17 11
34 24 23 9 2 21 18 10 4 16 2 25 19 11 24 31 13 2 3 17 7 10 3 18 29 3 15 8 21 11 14 27 4 22 5
2 11 30
41 16 15 11 16 26 12 28 5 24 25 21 18 3 23 8 21 16 11 19 29 3 21 13 27 30 30 3 17 15 1 21 17 7 5 26 30 20 25 25 31 19
38 2 23 5 19 7 10 8 23 3 14 15 13 30 12 22 18 22 14 3 2 13 25 31 19 31 16 18 13 11 17 17 21 17 23 12 22 22 29
32 18 19 5 8 25 21 13 24 21 16 21 12 16 19 17 26 9 8 1 15 15 23 6 13 7 25 3 15 17 30 10 28
19 2
35 3 28 7 23 1 26 31 3 24 30 5 3 30 4 5 27 7 31 15 7 14 27 8 2 12 26 25 9 26 29 12 2 30 4 1
41 31 26 18 9 14 10 30 14 20 24 1 5 14 27 15 4 28 21 21 14 3 18 3 11 25 21 10 3 1 8 26 16 26 29 30 5 22 13 23 25 14
38 27 25 24 25 14 19 2 8 21 13 1 26 30 19 2 1 24 10 24 2 16 27 19 7 14 30 25 2 27 12 20 19 31 26 19 8 13 20
39 6 21 4 7 1 6 11 29 15 4 27 18 29 10 13 25 21 22 12 25 31 19 23 22 16 20 18 19 2 27 23 8 16 6 11 19 1 18 5
3 1 22 21
15 21 8 13 3 25 29 26 15 7 2 26 31 7 10 31
23 6 21 8 12 29 22 16 12 12 9 26 21 28 6 27 7 20 20 6 19 18 8 23
16 2 25 31 5 30 18 3 30 4 12 4 23 16 8 30 17
20 7 23 4 10 29 15 2 13 28 7 2 3 18 27 8 28 6 12 29 11
49 21 28 12 31 15 24 30 13 27 20 31 26 27 27 4 17 8 15 18 17 3 21 19 21 27 18 19 27 25 22 11 7 12 18 16 15 6 10 4 14 23 31 3 7 13 21 26 9 30
46 8 21 29 26 1 4 2 14 5 27 16 2 29 12 28 7 24 29 4 22 13 23 9 29 9 8 1 22 24 4 18 4 19 9 16 27 7 15 29 18 24 13 27 26 21 21
25 3 15 24 21 18 14 28 19 4 27 30 19 31 26 30 26 31 9 29 4 26 15 7 21 12
8 19 7 18 8 23 22 20 18
36 17 3 3 7 13 25 31 21 6 1 22 7 19 16 11 30 7 6 15 21 20 16 26 13 6 20 25 17 19 16 28 5 27 5 16 25
18 17 2 28 11 27 19 10 9 23 24 11 27 10 4 16 18 24 11
36 1 20 13 5 13 27 11 17 5 26 7 29 16 19 1 26 11 30 26 28 14 1 8 10 2 2 21 24 31 6 18 24 4 27 4 30
22 27 27 6 15 29 29 12 18 13 6 6 18 17 29 10 17 20 2 2 13 18 1
25 17 1 10 21 15 27 17 23 8 7 20 18 24 20 17 27 1 23 20 20 1 5 29 16 11
38 27 5 10 10 9 16 22 21 9 8 11 14 22 23 7 27 21 26 17 3 7 14 10 3 8 4 29 16 25 17 9 28 14 7 5 6 5 11
7 2
19 8 13 22 29 7 10 27 19 12 21 16 20 15 2 16 19 27 13 23
39 16 18 8 31 24 1 2 7 15 25 18 7 11 6 2 9 29 2 31 12 31 6 30 16 24 21 6 3 20 17 12 27 13 27 4 25 4 2 27
8 9 29 24 31 25 4 17 8
30 30 4 17 5 16 26 5 11 15 17 2 4 30 4 26 17 19 23 17 22 24 14 8 23 7 16 19 2 8 20
50 18 26 16 26 16 31 18 3 3 31 3 12 19 7 13 9 1 19 2 5 14 19 11 25 4 5 24 27 19 24 16 25 29 10 19 4 15 31 17 15 19 15 12 27 11 28 9 19 19 22
37 5 30 28 5 13 24 26 4 29 28 23 10 10 28 17 20 31 11 15 13 24 30 3 7 21 29 23 12 1 26 17 27 21 23 15 28 21
11 15 21 10 18 17 13 1 2 15 21 10
20 5
18 11 24 28 1 11 20 6 17 24 5 8 9 31 29 6 31 17 26
23 2 4 17 13 19 6 2 28 10 13 27 1 14 25 17 29 15 24 30 30 4 26 3
12 9 14 16 2 31 3 19 13 17 14 19 31
17 7 23 25 18 19 2 12 2 30 2 20 23 27 27 20 20 23
46 9 11 29 28 29 20 18 31 16 24 27 28 17 18 31 15 21 20 4 24 12 26 2 3 11 6 1 6 31 24 19 20 13 24 16 23 11 19 12 29 29 14 22 7 11 9
19 18 3 26 20 30 29 6 17 3 29 11 11 20 18 22 25 9 28 5
18 4 6 16 31 13 16 5 13 23 2 23 7 16 20 4 8 15 1
23 23 16 16 7 30 18 8 28 4 22 17 25 21 26 29 1 1 14 17 7 26 4 24
1 20
47 6 13 18 13 4 29 7 13 28 5 23 25 29 11 8 23 23 31 10 28 5 18 9 18 21 7 16 25 12 19 4 28 26 26 6 5 1 2 27 16 23 10 29 3 21 22 13
36 25 22 16 8 1 6 12 16 18 25 19 24 21 22 15 8 3 31 30 2 28 20 26 5 23 6 30 7 2 16 4 4 8 29 22 27
44 9 10 15 31 29 24 12 1 7 15 1 6 9 14 31 17 12 30 20 25 16 13 8 31 14 24 27 9 30 29 22 26 14 2 10 11 13 12 3 29 3 9 15 13
22 30 9 17 24 23 14 9 31 1 20 15 17 11 2 10 31 9 18 6 30 27 24
29 15 16 13 20 26 19 31 10 15 26 7 9 1 15 6 31 11 7 12 23 14 30 23 12 18 20 10 2 28
2 2 22
26 9 7 5 25 21 11 14 29 27 30 11 3 15 4 9 6 31 5 5 3 2 3 22 24 26 2
24 6 1 31 8 25 20 5 2 19 2 19 22 26 25 17 16 27 11 3 15 7 29 13 16
12 6 27 20 26 11 3 15 10 22 13 31 31
44 20 5 5 28 2 28 2 21 13 12 26 28 6 19 3 10 11 5 11 1 4 11 21 28 12 15 5 8 23 15 19 4 4 18 2 11 6 16 12 6 29 4 24 19
12 22 5 10 2 28 17 13 21 10 25 10 30
