3 3
1
1 2
2 3
1 3
4 4
24 10
1 3
2 3
2 4
1 4
3 2
1
1 3
2 3
4 4
123 321
1 2
1 3
3 4
2 4
4 4
123 321
1 3
1 4
2 3
2 4
4 4
321 123
1 3
1 4
2 3
2 4
4 3
123 123
1 2
2 3
3 4
4 3
123 123
1 3
2 4
3 4
5 5
5 1 1
1 3
2 3
2 4
4 5
1 5
5 5
1 1 1
1 3
2 3
2 4
4 5
1 5
5 5
5 1 1
1 3
2 3
2 4
4 5
3 5
5 5
14 13 12
1 3
3 4
1 2
2 3
4 5
5 6
12 13 14
1 3
2 3
1 4
2 4
1 5
2 5
5 6
12 13 14
1 3
2 3
1 4
2 4
1 5
3 5
5 6
12 13 14
1 3
2 3
1 4
2 4
1 5
4 5
5 5
12 13 14
1 3
2 3
2 4
4 5
2 5
5 6
12 13 14
1 3
2 3
2 4
4 5
3 5
2 5
10 42
1436 423 2011 3247 608 710 1835 67
5 10
3 10
2 5
1 8
6 9
6 7
1 9
2 7
5 6
7 8
6 10
5 7
1 4
3 4
1 10
2 10
6 8
7 10
2 6
4 10
4 9
3 6
2 4
3 5
2 8
8 10
1 5
8 9
5 8
3 9
4 8
4 7
3 8
7 9
9 10
2 9
4 6
4 5
2 3
3 7
5 9
1 3
15 20
2396 2239 2185 522 140 2846 4129 2570 773 1357 784 4521 2289
10 15
9 14
1 9
1 10
10 13
3 5
5 7
4 13
1 14
1 13
10 11
6 9
5 15
9 13
5 13
9 12
3 13
7 8
1 8
2 15
25 233
81 1383 3152 1564 4926 2258 3357 4031 4411 3474 3558 4406 2843 555 1271 571 1001 3711 626 892 3763 793 2882
5 25
2 25
5 17
2 15
5 11
6 16
1 8
11 22
2 21
17 23
5 7
16 21
1 16
15 19
7 23
11 16
8 13
11 15
14 16
3 16
12 21
3 22
3 21
16 18
2 7
2 24
1 9
3 18
7 12
10 13
9 13
15 24
12 25
15 18
1 13
5 19
22 24
11 20
8 19
18 23
3 24
3 5
9 18
6 20
18 22
7 8
5 13
3 8
20 22
8 9
10 15
22 25
9 15
5 23
17 22
13 15
8 21
3 9
15 22
16 17
6 18
8 24
8 14
5 8
4 5
15 17
11 19
10 17
9 10
16 19
5 18
10 19
12 15
7 15
11 17
6 8
3 19
17 21
2 20
10 12
4 10
3 7
4 18
9 14
6 10
7 11
18 21
21 24
2 13
12 24
2 12
7 10
8 15
1 3
12 20
11 13
8 20
1 23
3 23
1 20
7 22
4 8
8 23
19 21
5 21
3 13
15 20
13 25
1 4
6 13
9 23
11 14
1 19
19 22
2 6
8 18
21 23
4 13
3 4
10 20
9 12
2 8
12 13
2 23
14 22
4 14
4 9
20 23
1 6
6 22
7 13
14 15
6 9
8 12
7 20
1 21
5 20
2 11
4 20
7 25
7 14
9 21
12 19
14 19
15 23
7 17
2 22
6 12
8 25
4 7
1 12
13 23
11 23
8 16
9 17
13 17
11 12
1 24
4 19
16 24
9 24
5 6
1 7
3 15
3 25
2 10
19 25
7 19
10 22
6 23
23 24
13 21
3 12
19 20
18 19
7 18
14 21
1 5
2 17
1 15
4 22
9 20
6 21
4 17
4 11
3 17
12 23
17 20
2 14
7 9
5 12
9 22
16 25
20 25
13 16
6 14
9 11
5 15
14 18
7 16
10 25
17 19
12 14
1 17
2 9
3 6
9 25
6 7
14 24
4 21
3 14
4 6
17 24
1 11
13 20
13 24
4 16
3 11
12 16
3 20
1 22
5 10
1 10
2 4
6 11
11 25
23 25
16 23
9 19
6 17
15 25
19 24
2 19
30 34
2614 3315 2948 3037 519 1867 4173 707 4295 2683 4222 2262 2137 873 1330 4136 4961 2439 1295 1301 4797 1295 4637 4675 2887 4688 923 574
6 26
15 29
7 12
8 22
17 21
5 21
23 26
4 24
13 23
4 12
17 28
1 18
25 30
19 25
12 27
11 30
22 23
29 30
9 16
9 10
12 28
26 29
10 12
3 9
19 24
8 25
18 30
10 20
18 24
7 23
2 9
17 24
4 29
14 23
35 42
1694 992 701 1124 4628 1042 592 248 534 3913 4833 4105 3233 4757 2376 4752 1881 2637 274 1754 4975 799 4025 1363 659 1143 859 1916 3350 4028 1684 3116 2511
7 24
4 19
6 21
22 23
27 28
5 22
22 24
29 35
1 25
32 33
3 15
17 20
20 27
7 31
18 19
8 25
18 25
6 20
3 17
3 11
1 23
1 31
10 30
10 15
8 9
13 16
6 13
24 26
14 28
7 18
28 29
23 33
7 34
5 34
27 29
2 30
12 23
19 33
9 31
4 32
8 16
5 14
36 630
5000 5000 5000 5000 5000 5000 5000 5000 5000 5000 5000 5000 5000 5000 5000 5000 5000 5000 5000 5000 5000 5000 5000 5000 5000 5000 5000 5000 5000 5000 5000 5000 5000 5000
17 19
4 20
4 22
34 36
6 21
1 16
1 10
2 24
13 18
11 30
7 17
15 19
11 22
16 26
12 34
23 25
6 35
27 35
7 31
6 12
3 36
16 17
10 33
8 31
9 30
21 28
3 6
15 32
20 25
5 24
5 35
17 26
19 26
29 34
1 3
27 33
5 22
1 32
18 25
5 19
3 7
3 34
3 21
2 21
13 33
21 31
9 27
1 15
10 17
25 27
5 36
8 18
19 20
16 27
9 15
20 33
2 29
26 36
19 36
2 36
25 32
1 14
23 33
22 24
4 25
10 26
6 31
3 8
26 27
26 28
31 36
18 31
14 23
2 3
10 25
25 26
9 22
22 35
4 31
25 35
7 14
10 20
9 10
4 24
15 36
16 21
11 27
12 13
22 32
15 25
1 22
2 23
2 31
17 30
16 30
20 29
9 12
27 32
2 17
12 18
5 30
24 27
17 22
2 5
14 21
21 32
7 35
13 24
19 34
21 25
11 15
13 26
5 6
28 35
2 10
4 5
20 22
4 19
3 12
21 29
14 20
11 31
8 32
28 33
17 20
12 20
13 31
1 17
1 13
15 33
1 33
28 36
5 26
2 32
4 14
26 32
12 32
18 23
19 24
4 9
6 15
7 26
3 18
8 22
4 15
8 11
9 32
14 32
20 31
18 20
7 24
10 35
11 28
7 25
7 8
18 27
3 32
21 26
17 35
3 13
11 33
24 25
31 32
23 28
22 31
14 16
1 19
2 26
13 34
22 26
22 36
10 36
9 33
16 32
23 30
3 31
14 33
5 13
26 33
21 23
2 4
6 16
20 35
7 32
8 24
6 22
5 17
4 36
2 7
2 13
12 23
28 32
11 25
5 29
11 13
3 19
11 34
33 34
1 35
17 25
22 30
5 34
13 22
24 32
4 34
13 21
11 16
18 34
4 35
2 8
6 10
20 36
3 30
9 25
25 29
16 22
8 15
25 33
17 33
15 31
6 24
6 14
9 34
18 28
24 28
12 28
7 34
12 25
27 30
14 29
12 26
4 11
6 34
29 33
8 21
16 31
11 24
33 36
18 36
4 10
11 32
12 21
12 27
7 12
5 9
17 28
4 32
7 13
23 27
1 29
6 17
9 14
24 34
5 28
1 30
3 28
19 28
14 22
21 22
30 36
6 28
7 27
6 25
1 28
4 8
7 28
28 31
15 30
11 20
10 28
5 33
10 21
21 34
14 19
26 34
2 22
13 15
29 35
5 14
9 35
15 27
3 35
9 29
12 17
21 33
14 30
20 23
10 14
8 28
26 35
20 26
5 23
2 18
30 31
5 32
22 25
16 18
26 29
29 30
12 29
10 22
4 18
9 20
15 29
9 36
5 21
8 23
12 35
10 12
20 21
2 9
7 15
23 34
16 29
17 24
11 14
14 18
8 29
11 19
7 29
4 16
13 17
8 30
3 23
23 31
6 23
28 29
5 7
18 32
15 22
3 10
15 28
3 29
11 35
22 28
1 9
8 25
8 20
19 29
1 26
7 9
11 17
8 35
24 29
6 8
5 15
17 23
15 35
23 24
8 34
1 6
9 26
3 5
3 14
6 36
7 23
13 35
30 34
8 19
4 28
18 26
24 30
4 33
7 19
16 24
17 31
14 27
2 19
19 32
16 36
15 16
10 15
6 13
5 31
12 19
2 33
20 30
9 21
22 27
4 17
29 32
18 22
1 27
8 12
14 35
18 33
14 15
10 34
23 32
28 30
13 16
4 7
1 25
1 20
10 30
8 33
6 29
1 21
13 19
32 35
15 21
6 18
5 16
16 20
17 34
33 35
27 36
9 17
7 11
18 19
12 30
6 32
30 35
24 35
3 9
8 17
32 36
3 17
26 30
13 27
4 26
3 26
15 24
27 34
7 33
9 16
8 27
6 27
11 26
12 16
1 24
6 33
14 36
8 9
9 19
7 36
22 29
25 31
21 24
9 18
12 31
7 22
17 32
15 20
2 30
12 33
7 18
10 27
17 27
19 30
1 4
13 23
19 31
6 7
5 25
1 8
12 14
2 14
14 31
12 36
3 20
15 34
14 26
6 26
1 31
5 12
13 30
10 16
15 26
29 36
5 20
35 36
2 28
28 34
22 23
18 29
13 29
2 15
8 10
3 11
15 23
11 36
24 33
8 36
4 27
8 16
27 29
19 35
1 34
23 35
22 34
23 29
23 26
11 29
16 19
25 34
8 13
1 12
14 17
24 31
3 15
14 24
9 11
16 34
12 24
4 6
4 21
6 30
20 24
4 13
11 12
2 27
16 33
14 34
10 23
19 33
9 13
2 25
26 31
17 18
3 4
9 23
11 23
23 36
5 8
8 14
7 21
3 25
18 30
5 27
19 27
27 28
19 25
2 34
34 35
7 16
21 35
2 12
10 31
14 25
4 12
31 34
7 20
3 24
4 23
2 16
21 30
31 33
16 23
3 33
13 36
9 31
10 32
18 21
21 27
10 29
11 21
9 24
13 14
20 34
5 11
22 33
16 35
4 30
13 20
30 33
1 36
10 13
15 17
25 36
32 34
25 28
13 25
13 28
21 36
7 30
3 27
29 31
6 20
16 25
20 32
1 23
5 18
3 22
1 7
17 36
17 21
25 30
10 19
30 32
24 36
12 15
1 18
6 11
32 33
2 6
12 22
13 32
8 26
2 11
3 16
6 19
10 24
17 29
20 27
1 5
2 35
9 28
11 18
18 24
2 20
18 35
16 28
6 9
14 28
10 18
20 28
1 2
31 35
24 26
7 10
27 31
10 11
1 11
5 10
4 29
19 23
19 22
15 18
19 21
36 629
5000 5000 5000 5000 5000 5000 5000 5000 5000 5000 5000 5000 5000 5000 5000 5000 5000 5000 5000 5000 5000 5000 5000 5000 5000 5000 5000 5000 5000 5000 5000 5000 5000 5000
17 19
4 20
4 22
34 36
6 21
1 16
1 10
2 24
13 18
11 30
7 17
15 19
11 22
16 26
12 34
23 25
6 35
27 35
7 31
6 12
3 36
16 17
10 33
8 31
9 30
21 28
3 6
15 32
20 25
5 24
5 35
17 26
19 26
29 34
1 3
27 33
5 22
1 32
18 25
5 19
3 7
3 34
3 21
2 21
13 33
21 31
9 27
1 15
10 17
25 27
5 36
8 18
19 20
16 27
9 15
20 33
2 29
26 36
19 36
2 36
25 32
1 14
23 33
22 24
4 25
10 26
6 31
3 8
26 27
26 28
31 36
18 31
14 23
2 3
10 25
25 26
9 22
22 35
4 31
25 35
7 14
10 20
9 10
4 24
15 36
16 21
11 27
12 13
22 32
15 25
1 22
2 23
2 31
17 30
16 30
20 29
9 12
27 32
2 17
12 18
5 30
24 27
17 22
2 5
14 21
21 32
7 35
13 24
19 34
21 25
11 15
13 26
5 6
28 35
2 10
4 5
20 22
4 19
3 12
21 29
14 20
11 31
8 32
28 33
17 20
12 20
13 31
1 17
1 13
15 33
1 33
28 36
5 26
2 32
4 14
26 32
12 32
18 23
19 24
4 9
6 15
7 26
3 18
8 22
4 15
8 11
9 32
14 32
20 31
18 20
7 24
10 35
11 28
7 25
7 8
18 27
3 32
21 26
17 35
3 13
11 33
24 25
31 32
23 28
22 31
14 16
1 19
2 26
13 34
22 26
22 36
10 36
9 33
16 32
23 30
3 31
14 33
5 13
26 33
21 23
2 4
6 16
20 35
7 32
8 24
6 22
5 17
4 36
2 7
2 13
12 23
28 32
11 25
5 29
11 13
3 19
11 34
33 34
1 35
17 25
22 30
5 34
13 22
24 32
4 34
13 21
11 16
18 34
4 35
2 8
6 10
20 36
3 30
9 25
25 29
16 22
8 15
25 33
17 33
15 31
6 24
6 14
9 34
18 28
24 28
12 28
7 34
12 25
27 30
14 29
12 26
4 11
6 34
29 33
8 21
16 31
11 24
33 36
18 36
4 10
11 32
12 21
12 27
7 12
5 9
17 28
4 32
7 13
23 27
1 29
6 17
9 14
24 34
5 28
1 30
3 28
19 28
14 22
21 22
30 36
6 28
7 27
6 25
1 28
4 8
7 28
28 31
15 30
11 20
10 28
5 33
10 21
21 34
14 19
26 34
2 22
13 15
29 35
5 14
9 35
15 27
3 35
9 29
12 17
21 33
14 30
20 23
10 14
8 28
26 35
20 26
5 23
2 18
30 31
5 32
22 25
16 18
26 29
29 30
12 29
10 22
4 18
9 20
15 29
9 36
5 21
8 23
12 35
10 12
20 21
2 9
7 15
23 34
16 29
17 24
11 14
14 18
8 29
11 19
7 29
4 16
13 17
8 30
3 23
23 31
6 23
28 29
5 7
18 32
15 22
3 10
15 28
3 29
11 35
22 28
1 9
8 25
8 20
19 29
1 26
7 9
11 17
8 35
24 29
6 8
5 15
17 23
15 35
23 24
8 34
1 6
9 26
3 5
3 14
6 36
7 23
13 35
30 34
8 19
4 28
18 26
24 30
4 33
7 19
16 24
17 31
14 27
2 19
19 32
16 36
15 16
10 15
6 13
5 31
12 19
2 33
20 30
9 21
22 27
4 17
29 32
18 22
1 27
8 12
14 35
18 33
14 15
10 34
23 32
28 30
13 16
4 7
1 25
1 20
10 30
8 33
6 29
1 21
13 19
32 35
15 21
6 18
5 16
16 20
17 34
33 35
27 36
9 17
7 11
18 19
12 30
6 32
30 35
24 35
3 9
8 17
32 36
3 17
26 30
13 27
4 26
3 26
15 24
27 34
7 33
9 16
8 27
6 27
11 26
12 16
1 24
6 33
14 36
8 9
9 19
7 36
22 29
25 31
21 24
9 18
12 31
7 22
17 32
15 20
2 30
12 33
7 18
10 27
17 27
19 30
1 4
13 23
19 31
6 7
5 25
1 8
12 14
2 14
14 31
12 36
3 20
15 34
14 26
6 26
1 31
5 12
13 30
10 16
15 26
29 36
5 20
35 36
2 28
28 34
22 23
18 29
13 29
2 15
8 10
3 11
15 23
11 36
24 33
8 36
4 27
8 16
27 29
19 35
1 34
23 35
22 34
23 29
23 26
11 29
16 19
25 34
8 13
1 12
14 17
24 31
3 15
14 24
9 11
16 34
12 24
4 6
4 21
6 30
20 24
4 13
11 12
2 27
16 33
14 34
10 23
19 33
9 13
2 25
26 31
17 18
3 4
9 23
11 23
23 36
5 8
8 14
7 21
3 25
18 30
5 27
19 27
27 28
19 25
2 34
34 35
7 16
21 35
2 12
10 31
14 25
4 12
31 34
7 20
3 24
4 23
2 16
21 30
31 33
16 23
3 33
13 36
9 31
10 32
18 21
21 27
10 29
11 21
9 24
13 14
20 34
5 11
22 33
16 35
4 30
13 20
30 33
1 36
10 13
15 17
25 36
32 34
25 28
13 25
13 28
21 36
7 30
3 27
29 31
6 20
16 25
20 32
1 23
5 18
3 22
1 7
17 36
17 21
25 30
10 19
30 32
24 36
12 15
1 18
6 11
32 33
2 6
12 22
13 32
8 26
2 11
3 16
6 19
10 24
17 29
20 27
1 5
2 35
9 28
11 18
18 24
2 20
18 35
16 28
6 9
14 28
10 18
20 28
31 35
24 26
7 10
27 31
10 11
1 11
5 10
4 29
19 23
19 22
15 18
19 21
6 8
4825 3529 4804 2923
3 5
1 4
4 6
2 5
1 3
2 6
3 6
4 5
36 68
2365 3779 3422 3028 1108 2026 3431 4143 1253 2829 1779 1719 2489 3744 2949 2447 4707 2723 4409 508 1297 815 4116 3914 3812 4876 3827 2390 1370 562 313 187 1283 3698
11 13
29 31
10 12
5 7
4 6
24 25
22 23
12 13
16 17
14 15
25 27
20 21
15 17
32 33
16 18
13 16
33 35
9 11
31 34
8 9
27 30
31 33
32 34
19 21
26 27
25 28
26 28
21 23
4 5
2 36
9 12
24 26
22 24
15 18
20 22
18 19
17 19
34 35
8 10
1 4
19 22
10 11
33 36
21 24
6 8
13 15
18 20
12 14
27 29
5 8
23 26
2 35
1 3
17 20
28 29
7 9
14 16
34 36
28 30
30 31
30 32
29 32
6 7
23 25
11 14
3 6
3 5
7 10
34 64
1001 1717 1050 1671 4399 2318 2365 1907 249 3939 2897 4955 185 3961 550 1166 4981 879 3854 1140 1047 530 2930 3844 1346 3019 4753 2467 2261 1483 678 2072
24 25
11 13
16 17
11 14
10 11
31 33
26 28
12 13
19 21
25 28
2 34
3 6
15 17
19 22
9 12
8 10
6 7
27 30
31 34
32 33
29 32
13 16
23 26
18 19
32 34
10 12
5 7
1 4
23 25
22 23
20 21
6 8
21 24
5 8
4 5
7 10
26 27
25 27
22 24
18 20
20 22
17 20
29 31
15 18
17 19
21 23
24 26
28 29
8 9
14 15
2 33
30 31
16 18
7 9
12 14
1 3
30 32
9 11
28 30
4 6
14 16
27 29
3 5
13 15
8 15
2799 1306 3255 614 4685 611
4 6
2 6
2 7
3 6
4 8
3 7
4 7
3 8
2 8
1 4
5 8
5 7
1 3
5 6
1 5
35 96
2407 2396 4100 794 4217 3048 2233 3647 3095 2230 1190 4300 220 1904 1913 3499 2790 3462 180 2010 3728 1538 427 4822 115 1710 3279 4025 2488 818 2246 4382 4852
24 27
1 3
25 27
31 34
15 18
27 30
29 30
15 19
12 15
20 21
22 26
28 30
26 29
9 12
14 15
25 29
5 8
3 6
7 9
1 4
5 6
22 24
13 16
8 9
26 27
22 25
9 14
17 20
6 10
28 32
16 20
11 14
4 6
30 34
5 7
23 26
18 22
13 15
16 18
20 23
11 12
13 17
10 12
29 31
18 23
1 5
2 35
11 13
15 20
32 35
12 16
19 21
19 23
18 21
21 25
10 14
23 24
16 19
7 11
19 22
17 19
6 11
12 17
17 18
6 9
4 7
4 8
29 32
2 34
28 31
31 35
9 13
23 25
8 11
8 10
26 28
2 33
14 16
24 28
24 29
7 10
27 31
14 17
32 33
30 33
31 33
10 13
30 35
32 34
27 32
3 8
25 28
3 7
20 22
21 26
21 24
36 97
3169 1323 1364 2059 77 3778 999 4298 212 3518 2994 942 3164 3483 4810 612 4432 3039 1864 3298 3451 640 3220 4727 1789 3079 2189 3663 1521 2762 1048 3115 2475 1247
8 10
15 18
14 16
1 4
18 23
22 25
12 15
27 32
10 13
15 20
13 16
31 33
30 35
24 27
19 21
26 29
13 15
32 34
15 19
20 21
7 10
24 29
8 11
5 6
16 20
3 6
25 28
2 34
1 3
27 31
22 26
30 34
11 12
8 9
27 30
10 12
21 26
16 19
23 25
32 35
26 28
5 7
20 23
12 17
30 33
3 8
4 6
28 32
17 20
25 29
7 11
6 11
13 17
31 34
25 27
2 36
19 22
24 28
10 14
20 22
11 14
1 5
5 8
9 12
18 21
16 18
28 30
6 10
9 13
19 23
6 9
29 30
29 32
32 33
11 13
18 22
29 31
7 9
17 19
4 7
21 24
3 7
21 25
14 15
14 17
31 35
22 24
28 31
4 8
9 14
23 24
17 18
23 26
12 16
26 27
2 35
2 33
36 97
4193 2007 2039 301 2357 2652 337 1586 3251 2570 2925 756 3718 908 426 2634 587 2696 3856 4143 467 1679 4253 2734 4199 3454 4079 1615 2420 584 3292 4824 3886 1021
32 35
7 11
33 36
30 35
26 27
10 13
28 32
6 11
24 28
19 21
18 21
21 25
21 24
18 22
15 20
12 15
13 15
30 33
21 26
26 28
19 23
23 26
32 34
13 17
4 7
6 9
12 16
34 36
3 8
29 32
8 9
19 22
22 26
28 30
5 7
5 6
11 14
14 15
10 12
27 30
22 24
29 31
15 18
13 16
35 36
17 18
31 35
29 30
4 6
26 29
30 34
1 5
16 19
25 27
3 6
7 10
25 29
16 20
18 23
23 24
1 3
24 27
2 36
5 8
20 22
27 32
8 10
6 10
24 29
10 14
9 13
14 16
11 12
27 31
17 19
31 34
17 20
9 12
32 33
20 21
16 18
31 33
15 19
20 23
3 7
7 9
25 28
8 11
11 13
12 17
28 31
9 14
4 8
22 25
1 4
23 25
14 17
31 34
3440 3726 4811 4358 1014 604 596 3845 4093 2639 4506 315 3926 4735 3679 940 489 1535 4382 4433 3624 3078 3253 2645 2792 1727 3822 3547 2728
3 7
6 21
8 30
20 24
17 31
14 18
2 19
6 9
20 28
15 24
5 29
12 13
2 27
12 14
12 23
4 5
16 29
12 31
1 8
25 27
14 15
4 30
21 24
9 26
20 22
10 16
9 24
3 15
7 19
9 31
5 26
14 24
11 22
22 25
31 214
2859 3700 622 1268 3248 4972 2075 161 1168 3417 3049 1475 3280 1690 841 106 2320 2299 2199 784 184 2028 298 738 881 1160 4044 2404 2062
5 21
16 29
9 14
18 29
9 26
13 16
8 29
23 28
7 17
17 23
5 20
20 31
14 21
27 30
6 18
4 14
4 28
11 30
4 18
9 18
13 17
10 30
21 27
5 11
3 16
8 24
7 15
10 13
3 7
24 28
17 22
16 23
7 22
21 23
10 26
8 13
4 20
23 30
16 24
5 12
6 8
10 22
10 27
12 30
6 30
4 19
22 25
27 31
6 14
10 12
6 16
6 17
23 24
21 29
8 28
4 9
11 13
4 16
8 20
6 12
15 18
3 9
24 25
9 27
12 18
16 20
15 20
8 14
1 24
7 29
2 17
10 15
5 8
28 31
4 5
7 21
11 20
12 29
3 12
24 27
8 26
10 24
18 26
20 30
6 10
13 14
15 27
8 31
9 11
3 26
15 28
15 24
4 30
25 31
21 28
16 17
7 11
11 23
5 10
18 24
5 14
11 31
5 24
13 21
7 19
24 29
4 26
11 25
5 23
4 10
6 19
8 25
6 9
14 17
7 20
9 29
23 26
25 30
21 22
5 13
5 19
4 6
7 12
13 15
15 25
8 27
5 9
11 26
16 27
6 26
13 19
4 21
8 17
12 31
15 16
14 26
18 30
6 31
6 20
1 10
1 30
16 21
14 16
9 22
25 28
9 21
15 23
11 15
9 24
4 13
28 29
22 26
19 28
23 27
17 26
16 28
13 24
7 26
18 19
20 22
1 9
12 23
5 7
10 16
3 13
3 10
9 28
20 24
27 28
14 29
15 19
19 23
12 20
3 20
6 22
14 28
1 20
5 29
4 15
4 23
19 26
3 5
4 7
7 23
2 19
13 30
11 22
4 17
15 17
16 19
15 31
26 28
3 17
25 27
3 6
8 15
14 19
13 25
9 31
6 23
19 21
13 22
3 22
11 21
7 25
15 26
4 12
18 31
17 19
13 28
7 28
18 28
5 28
16 30
6 8
100 500 300 75
1 3
1 4
3 6
4 5
3 5
4 6
2 5
2 6
7 7
90 1000 700 2000 800
1 3
1 4
1 5
3 7
5 6
2 6
3 6
0 0