64
4
2 4
0 5
-3 2
3
10 1
2 10
4
1000000000000000000 0
1000000000000000000 1000000000000000000
0 1000000000000000000
4
-1000000000000000000 0
-1000000000000000000 -1000000000000000000
0 -1000000000000000000
4
-1000000000000000000 0
-1000000000000000000 1000000000000000000
0 1000000000000000000
5
729 27
189237 9001
3 20000000000003
-999999999997 3
10
2 3
3 5
5 8
8 13
13 21
21 34
34 55
55 89
4 100
5
160500643816367088 259695496911122585
259695496911122585 420196140727489673
420196140727489673 679891637638612258
1 679891637638612257
10
105 -90
567 -574
234 -944
0 -359
-48 -389
-100 -350
-200 -475
-1000207 -250
-15 -250
3
300000000000000000 400000000000000000
-200000000000000000 500000000000000000
3
300000000000000000 400000000000000000
-200000000000000000 900000000000000000
10
-105 -90
-567 -574
-234 -944
0 -359
48 -389
100 -350
200 -475
1000207 -250
15 -250
10
-105 90
-567 574
-234 944
0 359
48 389
100 350
200 475
1000207 250
15 250
10
105 90
567 574
234 944
0 359
-48 389
-100 350
-200 475
-1000207 250
-15 250
10
18127 3523
25597 6858
11310 10922
13782 25921
2557 24329
491 28140
0 16826
-8 490
-5235 10733
10
4843 2467
9771 10852
98 117
3826 11775
-979 18690
-3796 19529
-10199 19182
-7261 8966
-14797 13323
10
25149 7689
7352 6620
10062 21580
11852 27921
1595 4382
-134 7709
-2793 6274
-18136 20863
-29186 14871
10
11457 5837
6261 7462
278 726
264 3023
-476 1779
-16396 25249
-6098 6539
-16563 15445
-22764 6959
10
6323 2301
13293 7674
25161 18280
2757 2232
8446 9380
6166 18977
2461 11581
-514 7358
-6809 25411
10
29634 13194
7278 8673
8415 19825
538 2011
1729 16450
1628 31072
-8174 28509
-6382 7606
-2122 901
10
20606 8746
23830 16073
12761 14173
3900 4331
6581 14113
-576 16501
-4106 12639
-9034 16299
-13849 20532
10
15043 4030
10832 5283
798 827
8488 19997
418 3404
-10325 28370
-5146 10101
-6870 10186
-6248 8292
10
8875 776
8914 3968
15226 10661
19922 15012
5915 11609
11863 26646
13255 29773
344 1618
221 6355
10
18761 8353
5497 3435
2200 3389
12541 20872
15418 26704
3037 10593
4171 23656
-3228 22973
-10733 22006
10
4733 82
1826 813
20761 18694
2815 2534
306 352
8111 12490
5819 21716
-84 2419
-230 6612
10
9270 2140
5659 5096
11901 12762
2050 4831
2201 31479
-12325 27683
-6777 8674
-28792 15308
-32299 5115
10
19786 5301
13641 4432
1360 817
7784 5450
18430 17186
3208 5788
9597 17313
5476 14266
-2894 20595
10
25677 8841
20248 12166
6330 10536
9447 22256
6671 28896
539 6167
-3974 22540
-5046 10346
-1236 2325
10
20042 699
21280 7745
3631 3269
19391 20794
8192 18400
0 1415
-6105 31410
-4195 18172
-1378 5529
10
27231 8325
18953 15348
7705 7441
1100 2255
10498 24733
3053 14367
-1531 9668
-6679 15003
-7614 7352
10
10278 358
27215 15712
12938 19924
5902 30363
-665 2048
-8333 15033
-25663 17969
-28478 3496
-10548 368
10
16057 4003
9187 2461
13834 11608
1405 3479
-1513 12330
-11395 23365
-6823 10507
-13740 10735
-10981 6861
10
22600 5217
15639 13123
6550 14712
4487 15651
4910 25261
-2632 11401
-13008 16064
-11114 5182
-24340 849
10
19369 5190
9629 4906
18318 10154
17088 21872
11770 15619
14411 23985
2072 3588
8225 18473
188 2152
10
19753 5292
9240 4913
16095 14492
15540 21389
10905 16793
4616 29146
1440 20598
-1728 8131
-7723 26936
10
13881 1950
9567 2563
6198 4025
2969 2079
2717 3478
10503 23591
0 25873
-4191 19718
-11862 25440
10
27060 8273
6698 4690
21592 23981
868 2522
4088 13373
739 8447
-2356 7253
-1401 3851
-1579 2096
10
1874 432
26938 13138
11325 8534
17632 21014
11661 25007
2262 12833
19 140
3270 31114
-1099 7823
10
7994 2444
29106 10593
22345 18750
13030 27944
10477 23532
-162 4664
-5697 11182
-10015 9339
-20565 6682
10
1858 1030
12443 17770
11940 23435
9848 20192
-788 22579
-1333 25449
-14660 24398
-20050 11576
-16996 6186
10
1896 334
4470 1626
17593 10157
24454 17766
14930 17175
1493 4885
-1489 17020
-1192 3276
-10585 9871
10
24753 6632
26469 17853
19450 20858
9815 11291
15142 19381
4752 12380
-2268 32445
-1149 8179
-4057 7028
10
19100 6951
28727 11027
18985 17094
15216 15216
10552 10552
13097 17380
6096 19939
3579 13357
4584 17109
10
15520 8252
7827 10387
410 1127
224 6435
-4572 11912
-1091 2051
-4184 2929
-14561 3095
-22430 4359
10
22428 0
27346 1433
5774 3070
25105 13915
19018 26176
11937 26812
2763 14218
2023 23127
-163 9355
10
13283 1396
19516 12674
18076 23136
2707 12737
881 10073
-7003 17334
-10914 21420
-12064 20896
-3445 2994
10
8445 2907
27057 12617
11349 12605
13959 26253
1183 16930
-752 14349
-258 2951
-1315 2105
-7935 8509
10
21849 6680
9614 8657
15656 15656
2333 6078
6900 18958
3401 17497
0 17869
-3338 31759
-16369 27243
10
17398 0
21464 7390
10799 6747
17407 20025
1143 1632
12462 22482
4788 9398
82 288
870 16618
10
22526 10504
10212 5203
24331 19009
15341 28852
5083 17728
2200 12480
-1617 9171
-5195 19388
-238 561
10
13304 6778
26846 14881
12628 20209
14036 22463
8666 17009
0 2588
-2629 14914
-4344 18818
-14952 22168
10
10284 4579
7660 4246
6518 3916
9978 6986
3017 2357
12402 16458
2534 5435
-2061 29484
-2756 31506
10
28250 8636
21701 22472
19139 22017
2078 5710
-756 8649
-11263 21183
-4413 3448
-15148 4343
-25404 7284
10
4053 497
15931 9955
16050 19128
9317 21951
-8 502
-4711 22167
-730 2247
-10408 19575
-10977 14567
10
24783 6179
15294 14262
4822 4656
4334 8151
11833 22254
80 1536
0 11421
-1565 11137
-7232 11574
10
17861 311
10117 4504
25112 13919
10713 15300
1595 15178
-5464 12873
-12564 9816
-17066 7244
-25492 -890
10
24607 13084
24771 13731
18469 16055
18347 17109
17911 23769
4714 16440
-429 3500
-12243 24029
-2949 4719
10
19021 10113
1197 1710
6696 10716
1384 26426
-489 4655
-6342 9402
-21452 23825
-1404 1057
-19227 8161
10
663 190
9081 9081
14695 20986
3298 26865
362 20779
-2247 32147
-1100 6951
-9600 23762
-6903 14154
10
3354 175
24389 4300
12398 8362
24320 21897
15376 14339
16428 26290
2136 9252
-166 9513
-9864 21155
10
17844 1561
30963 3801
22722 10595
9191 11350
10708 21956
2511 6216
3116 29648
-9797 28453
-6522 14649
10
28981 3046
5902 1040
6394 1833
22917 20634
593 1217
215 1110
-2790 17621
-817 1837
-3253 2634
10
1624 286
18346 11464
8480 5938
6521 11765
126 7260
-190 5450
-4305 16067
-8776 11233
-10162 4524
10
4028 1231
19439 14123
14643 15163
7390 15151
2524 24022
-1330 15205
-1725 3245
-13859 23065
-2843 2143
